ID,Adoption,Died,Euthanasia,Return_to_owner,Transfer
1,0.35617231687758794,0.0075654643879677535,0.07159271079480768,0.20974581919273153,0.3549236887469049
2,0.3559150816630389,0.007578596384870595,0.07189709528817277,0.21023386983459794,0.3543753568293199
3,0.35389048870587536,0.007578343996878635,0.07182641247695774,0.21039622318850906,0.35630853163177906
4,0.3626679114403023,0.007545876177766748,0.071119514371206,0.20940651306403957,0.34926018494668537
5,0.35560836459471706,0.007582815679748869,0.07199793527807469,0.21010946430361555,0.3547014201438437
6,0.3557699663654641,0.0075792736050249755,0.07192340838942586,0.21017049457432685,0.35455685706575857
7,0.35547388955642034,0.007591819605061243,0.07244911281464758,0.21009201635425814,0.35439316166961277
8,0.3615711645303865,0.007547243763510834,0.07136554930567497,0.20879411320307337,0.35072192919735384
9,0.3558829878097421,0.007578780105678019,0.07191444860274818,0.21014347631918198,0.35448030716264967
10,0.3558359923323624,0.007578949542029267,0.07191196071022184,0.21015269012262885,0.3545204072927577
11,0.3557345875226154,0.0075770452611081405,0.07187812286646478,0.20994806726396908,0.35486217708584217
12,0.35961188210672024,0.007558608096261669,0.07133947251316043,0.21001845942266892,0.35147157786118877
13,0.3558001512656792,0.007579123506241981,0.07191598123881171,0.2101740308216193,0.3545307131676476
14,0.35564993867311884,0.007582608960857481,0.07206645140710519,0.21013345132855324,0.3545675496303657
15,0.35578567872636624,0.007579112786870764,0.07191591000137193,0.21017063559891958,0.35454866288647147
16,0.3556158871428814,0.007578073944299508,0.07189363888389307,0.2100673850849888,0.3548450149439373
17,0.3558068915239754,0.007579171933289541,0.07191859141445293,0.21017936337648027,0.35451598175180193
18,0.35574960545761447,0.007579510580146536,0.07191536480610615,0.21028033138242314,0.3544751877737098
19,0.3556424214869439,0.007582756664742415,0.07204724476068451,0.21036432380755046,0.35436325328007845
20,0.35549954635438,0.007548950156364421,0.07084779503126225,0.21446924133436737,0.35163446712362595
21,0.35667157090703205,0.007576104640958394,0.07172828988684676,0.21117914370914312,0.35284489085601983
22,0.3537961014530466,0.007588099939227726,0.07208886586972939,0.20939004726716354,0.35713688547083317
23,0.355536213961427,0.007577395337736872,0.07187868726061322,0.20995346318662775,0.3550542402535955
24,0.3587918624792016,0.007561265890700515,0.07153861646521967,0.20972433881333288,0.3523839163515454
25,0.3558424603516866,0.007578335577959104,0.07189462687278175,0.21019283976836808,0.35449173742920476
26,0.35115540149510316,0.0075682905142067085,0.07168137872816509,0.20840063192761765,0.36119429733490743
27,0.362473221837261,0.007558604618523439,0.07243808878887593,0.20783644300517015,0.34969364175016976
28,0.3566083856415416,0.007573361148070011,0.07178716932411683,0.21001089740891152,0.3540201864773598
29,0.35573278949099685,0.0075796188621978155,0.07193830668213724,0.21016416670820234,0.35458511825646627
30,0.3554685815649725,0.007578849215004211,0.07191208496330123,0.21007699152976236,0.35496349272695954
31,0.35573114124157157,0.007579466638325151,0.07191636506169402,0.21026293741903798,0.3545100896393715
32,0.35587841276782534,0.007586109168629308,0.07191612584695056,0.21012991779822626,0.35448943441836867
33,0.3556486282867718,0.007580904023983601,0.07199587337271882,0.21012538509233378,0.3546492092241919
34,0.35082202772187543,0.007568256187050543,0.07167643046485793,0.2083479036984554,0.3615853819277608
35,0.3586441689039884,0.007555998198763167,0.07145136466808773,0.20925885160289512,0.3530896166262657
36,0.35566780283566957,0.007579180906458482,0.07191475392644865,0.21013600455195952,0.3547022577794635
37,0.35578477828157823,0.0075794024488408445,0.07192810112308576,0.21018035260940507,0.3545273655370903
38,0.3552398043845381,0.007585252679823338,0.07189999444448385,0.209925344093019,0.3553496043981359
39,0.3558314553582858,0.007579031922606625,0.07191288146450192,0.21018974062454746,0.3544868906300582
40,0.3555611914001361,0.007596823747343416,0.07203724142686771,0.21007696013940733,0.35472778328624527
41,0.3606115613428022,0.007505292565096152,0.0704149952311929,0.20640079410585216,0.35506735675505635
42,0.35634052367443747,0.007574743871662817,0.07184690172040664,0.20990961754877718,0.3543282131847162
43,0.3557237077871812,0.007577883121686581,0.07186547196994579,0.21037046866080056,0.35446246846038565
44,0.3525627220133888,0.007538824885406652,0.07105596332034685,0.20965598784433387,0.35918650193652396
45,0.35495739966605216,0.007577241424560122,0.07187254850784755,0.20993622082472796,0.35565658957681234
46,0.3557693243897301,0.007579391860337274,0.071910542285476,0.21028288513006355,0.354457856334393
47,0.3558945828229055,0.007577338619227491,0.07185709709128786,0.21027628024181033,0.354394701224769
48,0.35587496230338916,0.007578548898050755,0.07190672228283672,0.21014180604516122,0.3544979604705623
49,0.3557884760190177,0.007580518376951443,0.07197990464121323,0.21016160704326506,0.3544894939195522
50,0.3620166645773876,0.007541198450639365,0.07121101688831463,0.2084607963296938,0.3507703237539645
51,0.35833605268454194,0.007525039645383853,0.07079288768338982,0.20755381428207104,0.3557922057046132
52,0.3558033494217547,0.007579145018534065,0.07191610385156334,0.21017987466620125,0.3545215270419464
53,0.3501544236870054,0.0075723357785983415,0.07184358618485152,0.20800011625317,0.36242953809637474
54,0.5224165519398658,0.00689407658000469,0.05077369860874642,0.17890587611335743,0.24100979675802575
55,0.35408332751989235,0.0075865393453954,0.0720662486145787,0.21059136268587836,0.3556725218342552
56,0.35582204647632304,0.007579008025301918,0.07191052715118798,0.2102074587817431,0.3544809595654442
57,0.35557097916267355,0.0075792965122340105,0.0719264491032494,0.2101070983536503,0.35481617686819256
58,0.3549731124785605,0.007581464932116326,0.07205779507336721,0.20980302181540186,0.3555846057005538
59,0.38546374380517007,0.0074077727387773865,0.06771358490427037,0.2068130904718672,0.3326018080799148
60,0.3556864104830426,0.007579723679174464,0.07193605345224746,0.2101320683148965,0.354665744070639
61,0.35517724560996944,0.007577620333402037,0.07188407291158833,0.2099461445070413,0.355414916637999
62,0.35579750163182516,0.007579166435350468,0.07191648364300714,0.2101872499067656,0.35451959838305147
63,0.34919972209092953,0.007583021607044147,0.07150478470381656,0.21320466731766216,0.35850780428054724
64,0.35797048674558835,0.00756594528644769,0.07165918187899686,0.20970117329339352,0.3531032127955736
65,0.35642961698611414,0.007574970226752724,0.07167965506565628,0.21145700398167444,0.352858753739802
66,0.35561273507053054,0.007578402279400883,0.07187571141819285,0.2103093390865039,0.3546238121453719
67,0.35582414316667127,0.0075789997422564025,0.07191102306180433,0.21015936121450357,0.35452647281476457
68,0.35566725876950456,0.0075782245760827325,0.07189380503978512,0.21016110957349657,0.354699602041131
69,0.3513709920683116,0.007568557046582381,0.07169118984137181,0.20844496427741133,0.36092429676632304
70,0.358509045090944,0.00755747477580518,0.07138902669431031,0.2101105301320901,0.3524339233068507
71,0.3633611194216761,0.0075108768313992295,0.07064811278613206,0.2066434196568897,0.35183647130390294
72,0.35574420065724294,0.0075786639157640785,0.07190624653612558,0.21012570480478918,0.35464518408607804
73,0.35493966029260937,0.0075771939738431765,0.07187395437375733,0.20985942911846067,0.35574976224132987
74,0.35577507640434125,0.007579158283110107,0.07191955939397048,0.21016685415935238,0.3545593517592258
75,0.37449576348049873,0.007400654986521212,0.06818435814245882,0.20206776266904464,0.3478514607214766
76,0.3599623876065393,0.007548273319266901,0.07118433869531308,0.21002151190281926,0.35128348847606145
77,0.35598198745435394,0.007578810696853869,0.07183762229855559,0.20994636566723382,0.354655213883003
78,0.3556632295196711,0.007582711519493837,0.07206682762353721,0.2101606558803824,0.3545265754569154
79,0.35578626356603066,0.007579113040395402,0.07191579777703624,0.2101758458647178,0.3545429797518199
80,0.35542610732709634,0.007578437931530648,0.07189730616464626,0.21005012162426204,0.35504802695246507
81,0.35977062823888795,0.007547153489148662,0.0713010628642496,0.20867081039583274,0.352710345011881
82,0.3528011427375749,0.007578052900161879,0.07187644278221694,0.20976072776627863,0.3579836338137677
83,0.3555453726311173,0.007580373044206958,0.07192268533378547,0.21007932160725268,0.3548722473836376
84,0.3608535676855798,0.007520594296957625,0.07085987523138502,0.20686468548534906,0.35390127730072884
85,0.35589003314277606,0.007578845501428505,0.07190149065210609,0.21023446053114628,0.35439517017254263
86,0.36085621980402177,0.007542573325587548,0.07098725688590118,0.20939304444203577,0.35122090554245383
87,0.3571626887605484,0.007571464450344997,0.07174253710698074,0.21021374468829576,0.35330956499383026
88,0.3557064062912222,0.007577780842990057,0.07188960601075876,0.21004143552246965,0.3547847713325595
89,0.4073458587273609,0.007280008625529657,0.06624937563745507,0.20948489336663847,0.30963986364301566
90,0.3558336348775751,0.00757722470392217,0.07187349164036833,0.21010038295300854,0.35461526582512615
91,0.35573231005711303,0.007578210197488839,0.07188498558593706,0.2102687848787417,0.35453570928071915
92,0.35363674958714353,0.007593910126335213,0.07177861055059312,0.21524570358367962,0.35174502615224834
93,0.3571595026098262,0.007529227177800705,0.07108263717087096,0.2060496628437322,0.35817897019776984
94,0.355781425234235,0.007580146186535624,0.07191123354207973,0.21017518284949202,0.3545520121876577
95,0.35587702040957064,0.007581098973934889,0.0720276404349442,0.210318123313363,0.3541961168681871
96,0.355791365115141,0.007579145241619307,0.07191685773288849,0.2101755281620654,0.3545371037482856
97,0.35579692956045395,0.00757921935382183,0.0719180018642127,0.21019290232671972,0.35451294689479196
98,0.35783091772866393,0.007564403050019248,0.07164285727180944,0.2094912135171434,0.3534706084323638
99,0.5629453938309332,0.0064577344231355315,0.044784783658984605,0.13300016779438356,0.2528119202925633
100,0.35591861967308924,0.00757851691096913,0.07190266191567686,0.21016908158884176,0.3544311199114229
101,0.3493274527635746,0.007594073189496468,0.0718219848201892,0.20910990625367862,0.3621465829730613
102,0.3631548115578845,0.007545776743880996,0.0708706473256794,0.2127016472291113,0.3457271171434437
103,0.35587471381355906,0.00757831000845986,0.07189983948872908,0.21013102998322794,0.35451610670602424
104,0.3556368324250525,0.007578815017367661,0.07190908865933685,0.2101003662814174,0.35477489761682535
105,0.35565465921116557,0.007579108008965889,0.07195737038901598,0.21014494778129272,0.35466391460956004
106,0.35563307309303677,0.007580011369130419,0.07191128548785392,0.2101127313887787,0.3547628986612004
107,0.35579801649854986,0.007579366345327031,0.07192711066076864,0.2101745134320396,0.3545209930633152
108,0.3570760224264997,0.007574344299183974,0.0718273045136267,0.21039910985432328,0.3531232189063665
109,0.355841656060487,0.007578782152192072,0.07190310631176446,0.2101478764029725,0.3545285790725839
110,0.3544100870080733,0.007600534472122959,0.0724964858089889,0.21232571142958215,0.3531671812812327
111,0.35580311015946814,0.007579141987434654,0.07191598187767449,0.21018028638385358,0.35452147959156927
112,0.3557687300474874,0.007579222780163315,0.07191786338743529,0.21016612446388255,0.3545680593210316
113,0.355796307318076,0.0075793989204660074,0.07192573840218089,0.21017941581974112,0.3545191395395356
114,0.3557793690854459,0.007579579962291735,0.0719357748100062,0.2101830047329947,0.3545222714092618
115,0.4896818193521552,0.005916620422979773,0.03244724315109791,0.15643031589126588,0.3155240011825013
116,0.35576489123353594,0.007579134056206588,0.07191650386558764,0.21016661847746942,0.35457285236720065
117,0.35593126776760875,0.007577664130896678,0.0718844807064998,0.21010239678063347,0.35450419061436106
118,0.3559793321279129,0.007578246912919117,0.07188924647003013,0.210242805735552,0.354310368753586
119,0.35581838512088276,0.007579064938794805,0.07191462882558376,0.21017628692552867,0.3545116341892101
120,0.3545476143605728,0.007591212880568442,0.07211402811499555,0.20994926453647567,0.3557978801073877
121,0.35618376781815614,0.007579359939201095,0.07202821019602815,0.20986696666284435,0.3543416953837706
122,0.3547453033907332,0.00758018192574729,0.07196777364636173,0.20995467838802678,0.35575206264913123
123,0.34816614418809744,0.007931519905912782,0.07202436007851777,0.20730360561618627,0.3645743702112861
124,0.35506014154667875,0.0075877688995479595,0.07208522287730776,0.2098988149252744,0.35536805175119085
125,0.3575521816582307,0.007565278573260103,0.07165893552857806,0.20944300977151703,0.35378059446841464
126,0.35572905770730817,0.007578905368664492,0.07191184809660449,0.2101448471604517,0.3546353416669712
127,0.3557976984537401,0.007579254145776243,0.07192017542586343,0.21018402719022564,0.35451884478439477
128,0.3617120865940825,0.00754502281802164,0.0713273387013782,0.20856259984117564,0.3508529520453419
129,0.35510299041106674,0.007589423502624161,0.07205662032733624,0.20994708661013586,0.35530387914883715
130,0.35225334340262415,0.007594794025646651,0.07186803760110931,0.20911803032632048,0.3591657946442996
131,0.35576034394585176,0.007578971164873393,0.07191354394822769,0.21015730895910656,0.3545898319819405
132,0.3553923860905966,0.007587754833477477,0.07199284677621473,0.21002435609344658,0.3550026562062646
133,0.3443962425956964,0.007564684102643543,0.07145741309387256,0.20736687283709715,0.3692147873706904
134,0.3558492210016408,0.007578849620064632,0.0719103873487886,0.21017046720095087,0.3544910748285552
135,0.35590680374979683,0.00757886842575794,0.0718648803942351,0.2106249282665572,0.3540245191636527
136,0.35577418346694034,0.007579267332261209,0.0719229955899553,0.21017869108508494,0.35454486252575845
137,0.35579941053622516,0.007579203583516531,0.07191763291840154,0.21018339970948488,0.35452035325237174
138,0.35550375747462415,0.0075799462565463655,0.07193782708449153,0.21009467922809502,0.3548837899562431
139,0.35580139746021333,0.007579167789121974,0.07191546822422469,0.21019141915016307,0.3545125473762772
140,0.3557831550257027,0.007579115606956196,0.07191580339370322,0.21017176690526435,0.35455015906837406
141,0.3559338095323483,0.007577749860987476,0.07188840635966556,0.21008067929292576,0.3545193549540729
142,0.398524435397469,0.007329952119706336,0.06611167482385598,0.20530213999321864,0.32273179766575
143,0.3558029573273733,0.007579146065864276,0.07191623404241371,0.21018212655017385,0.35451953601417485
144,0.3558095879164848,0.007579112075980974,0.07191657685843988,0.21017840430358198,0.35451631884551266
145,0.3559092128838375,0.007578825354118494,0.07190836732290747,0.21014763802463338,0.3544559564145029
146,0.35569246300266016,0.007578989368663343,0.07191642415269651,0.21014070157567413,0.3546714219003056
147,0.3558014126754307,0.0075791898292915695,0.07191760165308743,0.21018239393236926,0.3545194019098211
148,0.3559139917541,0.007578570269409174,0.0719068026028094,0.2101533951163821,0.3544472402572993
149,0.38022674067833556,0.007408848757295599,0.06762156912961732,0.20990780836260103,0.3348350330721505
150,0.3585173573258456,0.007561599828627991,0.07159387589489734,0.2093589750440506,0.3529681919065785
151,0.3540929755910192,0.007604981232362162,0.07230332187569279,0.21604455512609497,0.3499541661748315
152,0.35644485554052113,0.007579432568883024,0.07194330589542795,0.2115433430380622,0.35248906295710564
153,0.35597020337554836,0.007581638158143825,0.07187170594538746,0.21008804055556995,0.3544884119653507
154,0.35586345654301005,0.007569612482311927,0.07172056291093852,0.20975458657937637,0.35509178148436327
155,0.3560948779291442,0.007578142141733963,0.07188070689413716,0.21015379752227573,0.3542924755127084
156,0.3557623259223523,0.00757750707021963,0.07188600700265979,0.21004068883625823,0.35473347116850995
157,0.35575858773618146,0.007580890194935423,0.07199012660364673,0.21017197191481912,0.35449842355041744
158,0.3675692845583835,0.007411104395543496,0.06860133205295459,0.20156759570998714,0.35485068328313146
159,0.3555723724021894,0.0075850449407330765,0.07190238538688173,0.210606324347575,0.35433387292262064
160,0.3557219114679332,0.007579218834384814,0.07190842722995536,0.21013752810296205,0.35465291436476476
161,0.35580376658678203,0.00757912362628153,0.0719152867973768,0.21018217865489366,0.35451964433466615
162,0.35556131843271793,0.007578406150973734,0.07190533780142273,0.2100635253503141,0.3548914122645713
163,0.35462364725895645,0.00758442948362111,0.07190791977833098,0.2096492258454342,0.3562347776336573
164,0.3559838991455828,0.0075753953833942395,0.07181925337159954,0.2100577580313576,0.35456369406806587
165,0.3557985097868593,0.007579172762597522,0.07191745867985706,0.21017929726272036,0.3545255615079658
166,0.3564093030601362,0.007574174438779847,0.0717824388100533,0.20979202955957918,0.3544420541314518
167,0.3557819166235987,0.007579006844932289,0.07191338189917988,0.21016632243985914,0.35455937219243006
168,0.35582512853575116,0.007578913369307497,0.07191105975813748,0.2101708822165362,0.3545140161202674
169,0.35569024286249706,0.0075792028266624106,0.0719185017698886,0.21014121637386413,0.3546708361670877
170,0.3550916158881607,0.007580090222260836,0.07195604109896533,0.2099246010194245,0.3554476517711888
171,0.35593061206147214,0.007578765083746004,0.07192711695619199,0.21037204244325544,0.3541914634553346
172,0.3555827948425799,0.007578654574755179,0.07190189793103487,0.21018228628195024,0.3547543663696797
173,0.35580758406840307,0.00757914616365831,0.07191637113367204,0.21018206297862027,0.3545148356556466
174,0.355793850979165,0.007579146140863309,0.0719168356816157,0.21017668735740067,0.3545334798409552
175,0.3556152661701642,0.007578984894411613,0.07191621900868643,0.21018071998136298,0.3547088099453746
176,0.35630909073619366,0.0075764966500657715,0.07188169128114776,0.2100730590862171,0.35415966224637585
177,0.355799843002658,0.007579223058030784,0.0719188631803206,0.210181930301799,0.3545201404571916
178,0.34987514967004335,0.00767343751835828,0.07503479842766671,0.21332858692255796,0.35408802746137397
179,0.355800133152813,0.007579148950046727,0.07191614612369504,0.21018058108014867,0.35452399069329643
180,0.36234360108806196,0.007511603491660284,0.07066609875708162,0.2063438717137901,0.35313482494940573
181,0.3563898120290926,0.007574619320353801,0.07182323942059175,0.21003251456886016,0.35417981466110193
182,0.3633070480359531,0.007493572084322745,0.07023644126347706,0.20534639237057176,0.353616546245675
183,0.3556048135319728,0.00758066809106653,0.07197038250695027,0.21011874331193667,0.3547253925580739
184,0.35603489917858233,0.007574605645492871,0.07179794927469305,0.2101231437163448,0.354469402184887
185,0.3558178023690597,0.007579068869600904,0.07191459023793552,0.21018449379861898,0.3545040447247849
186,0.35580191575903203,0.007579163407803827,0.07191618838220712,0.21018531635846838,0.3545174160924882
187,0.681197950489729,0.00772070316784349,0.0677451707011817,0.10653762845271121,0.13679854718853454
188,0.3557589458838965,0.007577941980750495,0.07189016846296933,0.21006539730018486,0.3547075463721992
189,0.35579865022288726,0.007578920283776032,0.0719087503812123,0.21018347493058814,0.3545302041815366
190,0.35579223006466965,0.007578510637478139,0.07190246454116336,0.2101360319449003,0.35459076281178864
191,0.355793850979165,0.007579146140863309,0.0719168356816157,0.21017668735740067,0.3545334798409552
192,0.3558140169867248,0.007579119813212635,0.07191531174888081,0.21018680451697846,0.3545047469342034
193,0.38082025054137447,0.007454432692618325,0.06875878887438522,0.2078172877407432,0.33514924015087844
194,0.35458834296777547,0.007581479013047546,0.072010911250635,0.2098138146904364,0.35600545207810563
195,0.35581233370872617,0.00757903210643782,0.07191398077998802,0.21017517532729,0.3545194780775581
196,0.3551189917201706,0.0075860899261331405,0.0720295144301262,0.20999020376326114,0.3552752001603086
197,0.3558414434631676,0.00757889974338847,0.07190776548076351,0.2101844160170199,0.35448747529566044
198,0.3555579416756546,0.0075789304738286154,0.07191303223212853,0.21010067232622429,0.35484942329216396
199,0.3557964245181549,0.007579233566447429,0.07191654654123136,0.2102034899602169,0.35450430541394934
200,0.3557510601671752,0.007579141566408386,0.07191901892539297,0.21015429431138655,0.35459648502963714
201,0.34160849997169224,0.007786706495638132,0.07857995859680109,0.2057158844404072,0.36630895049546147
202,0.3558836391960225,0.007576009077585182,0.07188100350262815,0.21004586253736054,0.3546134856864039
203,0.3514131273070857,0.007569632714418659,0.0717030127140062,0.2084914757645582,0.3608227514999315
204,0.355918777514465,0.0075785241536882415,0.07190329935636326,0.21017000024625604,0.3544293987292273
205,0.3570939441892584,0.007567908135249945,0.0715750677463904,0.2106157142026497,0.3531473657264514
206,0.3562836259049112,0.0075783406785621356,0.07185583394787419,0.2109244593448807,0.3533577401237718
207,0.3556833388972731,0.007579974852263756,0.0719487684752796,0.21012744142361578,0.3546604763515678
208,0.3562771919366147,0.007575182353484239,0.07186344047913878,0.21004877719930487,0.35423540803145714
209,0.3557062133360148,0.0075811928093895515,0.0720045186892938,0.21014826597416028,0.3545598091911412
210,0.35579065525899983,0.007578894917610706,0.0719111709328341,0.21015929011159118,0.3545599887789641
211,0.38032276253628355,0.007402396057348221,0.06812256957542918,0.2039894512847312,0.3401628205462078
212,0.3557964985447633,0.007579249887961964,0.0719201835962762,0.21018115085910707,0.35452291711189166
213,0.3559089464144131,0.007578469625131214,0.07190460176585348,0.21014700184222226,0.3544609803523799
214,0.3557737203258963,0.00757902337766002,0.07191296800254494,0.21016557113446185,0.3545687171594367
215,0.3753895589164783,0.007419138842218631,0.06831496389895053,0.2051219692570149,0.34375436908533735
216,0.35579799319099137,0.007579206718690793,0.07191827001915987,0.21018885845992388,0.35451567161123404
217,0.35508804981570247,0.0075807044386866545,0.0719734720173948,0.20991508031871844,0.3554426934094976
218,0.36163923486748717,0.007548119283593979,0.07134844824377283,0.2089382552200264,0.35052594238511964
219,0.3556944102281844,0.007579677486225954,0.07192817667774933,0.2101370681647506,0.3546606674430898
220,0.35579201137935107,0.0075795241371782555,0.07192547319776059,0.2102225048663362,0.3544804864193742
221,0.3556575117301911,0.007586061845387688,0.07216536293534405,0.21090211076165538,0.35368895272742207
222,0.35754551052200556,0.007567782318098057,0.0716971714136344,0.2096507218566413,0.3535388138896208
223,0.38242532594503625,0.007420114304708322,0.06863911243982647,0.20405376859331634,0.3374616787171127
224,0.3557735740523095,0.007579060102814218,0.07191456603289847,0.21015795277037536,0.35457484704160247
225,0.3557979628021192,0.007579181946813946,0.07191552376523018,0.21019289448257544,0.3545144370032613
226,0.3558159363777841,0.007579069758492392,0.07191420200535525,0.21018111321592356,0.35450967864244454
227,0.38172883522433454,0.007385892461567912,0.06754808877858472,0.2035327965987433,0.33980438693676923
228,0.35383625435376936,0.00758018018929729,0.07180415968242423,0.20936425828566582,0.35741514748884323
229,0.35544241684547717,0.007579491449952522,0.07195663910210365,0.20999293823342394,0.35502851436904265
230,0.365072383485181,0.007520636812771101,0.07025989190717553,0.21168207446486642,0.3454650133300059
231,0.3547385259450511,0.007586647664482301,0.07194282748647686,0.20995549069437058,0.35577650820961926
232,0.35591419501400307,0.007578382467649975,0.0719022416354776,0.21013697693951258,0.35446820394335676
233,0.3722760508551092,0.007450891485956249,0.06943761381343677,0.20362537066739353,0.34721007317810454
234,0.3562739700325843,0.007574429764680617,0.07181100550962399,0.21016883083859822,0.35417176385451266
235,0.35580124957395237,0.007579161667456543,0.0719165407615712,0.2101814332967117,0.35452161470030835
236,0.3547204050731037,0.007579275320123821,0.07194528700954134,0.2097827978134303,0.3559722347838008
237,0.3558166643842884,0.00757897111825374,0.071910818814684,0.2101895538549234,0.35450399182785075
238,0.3643274067248974,0.007533494672533229,0.07103272078080286,0.20841075411830254,0.3486956237034642
239,0.35579432299455843,0.007579038609254555,0.07191469777221776,0.21017401367083416,0.35453792695313496
240,0.35486718293634123,0.007576925067902836,0.07187038858132326,0.20977012373727713,0.35591537967715575
241,0.3554077129340258,0.007587056947586178,0.07193492852408274,0.21001704229915846,0.35505325929514703
242,0.3558885160769257,0.007578870247261776,0.07192048716818401,0.21016033431630068,0.3544517921913278
243,0.35557704189251094,0.007578914144283432,0.07191091011480542,0.21009392585702077,0.3548392079913795
244,0.35827262586599823,0.007532804412583356,0.07113675018870202,0.20740327306649467,0.35565454646622174
245,0.3557556018566575,0.007579415070816323,0.07192559027071521,0.21016355700122355,0.3545758358005876
246,0.3558009267530306,0.007579336936972429,0.07191827584254902,0.21018123004127406,0.3545202304261741
247,0.3540369506404663,0.007579280349020241,0.07198416012802586,0.20954159600970124,0.3568580128727864
248,0.35579967786789846,0.007575566132901152,0.07183233192106665,0.21021847852061482,0.354573945557519
249,0.3556961805785337,0.007579000050933615,0.07191466483219064,0.21014569629910437,0.35466445823923815
250,0.3380127862085039,0.007555406858148604,0.0711995870049061,0.20366982879850984,0.3795623911299317
251,0.3712144824866254,0.007478360414493926,0.07003950853748164,0.20520834792246886,0.34605930063893037
252,0.35589130318229917,0.007578795931744341,0.0719159258472989,0.21015174146669732,0.35446223357196033
253,0.3569069437369842,0.0075709631450281995,0.07174842966110336,0.20988612530053208,0.35388753815635254
254,0.35575644280783525,0.007580851190302446,0.07198848045441593,0.21016818519824026,0.35450604034920624
255,0.3690797064902965,0.00750293494076465,0.07031108888153437,0.20796742110340674,0.345138848583998
256,0.35578263794226145,0.007579410138418072,0.07192342433903014,0.21017706151935442,0.354537466060936
257,0.35580553969714457,0.007579138827871598,0.07191585924965076,0.21018182917706155,0.354517633048272
258,0.35618677745751065,0.007576435452856893,0.07180621232948696,0.2104763051554911,0.3539542696046546
259,0.35579564449540446,0.007579389472954128,0.07192618547573475,0.2101797440909548,0.35451903646495164
260,0.35531500365791713,0.007578121898235979,0.0719285600292495,0.20984589165076967,0.35533242276382754
261,0.35526937159629796,0.007582019106219463,0.0720398420493573,0.20994623194326134,0.35516253530486425
262,0.3557952350716139,0.007579098677093975,0.07191484220775558,0.2101792439397144,0.3545315801038222
263,0.3558130013466365,0.007579347011563973,0.07191556619302258,0.2101423863831462,0.35454969906563105
264,0.35578717982400176,0.00757912505728931,0.07191554356373706,0.21017719832872928,0.3545409532262425
265,0.3558049150226576,0.007579253831374488,0.07191500429410848,0.21018456253632944,0.3545162643155299
266,0.35575690135968885,0.007580855135149635,0.07198764611461168,0.21017547983392462,0.35449911755662505
267,0.3592008648203414,0.00755759255166021,0.07152919788177543,0.2092001581479791,0.35251218659824357
268,0.4123048216021521,0.007243388021506685,0.06416924732635484,0.20009651302280762,0.31618603002717854
269,0.35465047770800107,0.00758203456319884,0.07196469175234575,0.2105231385787747,0.35527965739767986
270,0.3506862456341494,0.007575024812979494,0.07166834006268571,0.20823578833833142,0.36183460115185345
271,0.36342553478364414,0.007540823512389688,0.07108836940900591,0.20909531932677555,0.3488499529681848
272,0.35563981759243574,0.007578748036586393,0.0719075433828288,0.21012598105287647,0.3547479099352725
273,0.3575962732975195,0.007567607793163462,0.07168666905536107,0.2097719199218215,0.3533775299321345
274,0.3557914153427753,0.007579148326350231,0.07191692131984556,0.21017510269209141,0.3545374123189375
275,0.35320132098474627,0.007680305041098491,0.07602269645693259,0.2095327065975976,0.35356297091962485
276,0.35614382914586795,0.007574382643867309,0.0717535730149269,0.210515516885592,0.3540126983097463
277,0.3587149804995249,0.00754832493109184,0.07138084581433723,0.20796940000598196,0.35438644874906405
278,0.3556597081526527,0.007578172624619655,0.07189305014135228,0.21008837180879994,0.3547806972725757
279,0.35577921305925725,0.007579511545851149,0.07195927241145134,0.21026403878141323,0.3544179642020268
280,0.37582504372414877,0.007433889800764725,0.06864417979419392,0.20660857026913987,0.34148831641175287
281,0.3557978844467551,0.007579201228135261,0.07191863203667963,0.21018098743709537,0.35452329485133477
282,0.35579879252121166,0.007579177427249877,0.07191539305802026,0.21019408698178843,0.3545125500117298
283,0.3604312245592349,0.007549173916917934,0.07131830989844491,0.2090619078700995,0.35163938375530307
284,0.35563454147837775,0.0075791621473935145,0.07191745941831401,0.21012229543046224,0.3547465415254526
285,0.3558013616667496,0.00757914784180542,0.07191607493226845,0.21018184562576647,0.35452156993341016
286,0.35577648118554783,0.007579058605261457,0.07191500745665183,0.21016527768909782,0.3545641750634409
287,0.3502622220621154,0.007577592560376472,0.07185918660718445,0.2082947724972875,0.3620062262730367
288,0.35878523009908575,0.007558750958823253,0.07153719388543071,0.20929091351432785,0.35282791154233245
289,0.35580618099445976,0.007579058331561405,0.07191449656469445,0.2101722473167339,0.3545280167925505
290,0.3557843814111588,0.007579152633308355,0.07191642219704847,0.21017438384749096,0.3545456599109934
291,0.35489760268392634,0.007579290093099573,0.07194036498387178,0.2098489019337169,0.3557338403053853
292,0.35602184524172076,0.007575661153850239,0.07184458003448085,0.2100527420376713,0.35450517153227695
293,0.3558573922452038,0.007578560473640511,0.07190550676874914,0.21012422785968485,0.35453431265272173
294,0.35645748926112475,0.007582773447972776,0.07206514130625423,0.210954591472951,0.35294000451169694
295,0.3558012815810087,0.0075791689458494915,0.07191641726354579,0.2101795984316745,0.35452353377792134
296,0.3598655016967311,0.007553131620156771,0.07128803010500047,0.21044611581130848,0.35084722076680336
297,0.3550114387249775,0.007577380291347611,0.07187839674631209,0.20990745787749987,0.35562532635986277
298,0.35641941301048824,0.007575152206248015,0.07183678723103376,0.21005635193079641,0.3541122956214338
299,0.3558416560384513,0.007578900408352341,0.0719110195365959,0.21018426791535968,0.35448415610124095
300,0.355618151338227,0.0075787756070833075,0.07190949983785552,0.2101181658765653,0.35477540734026913
301,0.35567668246821105,0.007579113444305926,0.07191875888749805,0.21013693703605718,0.35468850816392816
302,0.35213067729534236,0.007560915616359992,0.0715224113249686,0.20867850292631207,0.36010749283701693
303,0.35060804790851313,0.007569476371547981,0.07171365816665909,0.2081688093810056,0.3619400081722741
304,0.3557511951846973,0.007580236322153379,0.07198087900538781,0.21011919204999283,0.3545684974377688
305,0.3621162070157164,0.007544963273542497,0.07127023237932611,0.208853015083516,0.35021558224789895
306,0.35580310875013765,0.007579145741452465,0.07191611512520373,0.21017972062393117,0.35452190975927517
307,0.35512005509315825,0.007589363817012479,0.07208470899035195,0.21005603675588028,0.35514983534359645
308,0.35344657075930463,0.007596207728548366,0.07180234002304195,0.21568005462938752,0.3514748268597175
309,0.35581654843350546,0.00757954940060861,0.07197203129178993,0.21000498981296056,0.35462688106113566
310,0.3577841745223829,0.007567188872498369,0.07168297580575048,0.20977379819573821,0.3531918626036302
311,0.35578534854172,0.007579174861256655,0.07191802115369424,0.2101760697454538,0.35454138569787536
312,0.35586478217496653,0.007575152282415156,0.07182749615823301,0.2099325568118085,0.35480001257257715
313,0.3758097623665182,0.007384490252192132,0.06745058917935158,0.20417150488728036,0.3451836533146579
314,0.35589117617147703,0.007578949397646053,0.07190474832187742,0.21027035205956324,0.3543547740494363
315,0.35483273919159497,0.007577649543570677,0.07185583206946583,0.2100609849544705,0.35567279424089815
316,0.3558008743189404,0.007579144001106053,0.07191585766481719,0.21018118401374147,0.35452294000139467
317,0.35580292259788127,0.007579145994230356,0.0719160969662958,0.21018040715627861,0.35452142728531383
318,0.3551449036284901,0.007578907853305534,0.07191918683304518,0.2100570847571751,0.3552999169279842
319,0.36414378310360557,0.007519701574219242,0.07074872008688407,0.2078786456588333,0.3497091495764578
320,0.35581461926519986,0.007578472667427724,0.0719047336612966,0.21012498118399175,0.3545771932220842
321,0.3554277494074387,0.007579163925096945,0.07190103431535737,0.2102761454873105,0.35481590686479664
322,0.3545833149181204,0.007581600970498008,0.07205051983722197,0.20987659774028414,0.3559079665338756
323,0.35516035219414555,0.007586067723095836,0.0720502162670088,0.20983419739771975,0.3553691664180298
324,0.3549564656466063,0.007580726860161697,0.07189327895200318,0.20995169603415714,0.35561783250707174
325,0.35645358089918866,0.007555669016257344,0.07106537556816267,0.20986744999999882,0.3550579245163925
326,0.3557524766815409,0.0075746166905778884,0.07184958051793869,0.20979480537111947,0.3550285207388231
327,0.3557738444879954,0.00757898490836868,0.07191276798463542,0.2101533152187021,0.35458108740029814
328,0.3557921080406341,0.007579221241872476,0.07191789038253237,0.21019354636249707,0.3545172339724641
329,0.3554653197699247,0.00758484610244981,0.07198464616248262,0.21004047895114128,0.35492470901400164
330,0.360393301425555,0.007560330423505304,0.07171865607079515,0.20931709473981452,0.3510106173403298
331,0.35580038205335557,0.007579163970602766,0.07191650290579586,0.210181037926688,0.35452291314355733
332,0.38918750102471067,0.007372405928397747,0.06902554466286863,0.19898603749399776,0.3354285108900252
333,0.34775374020092004,0.007660331120155673,0.07551563844708364,0.20747868891371038,0.36159160131813023
334,0.3547373219670174,0.007987646252425219,0.07186728003079136,0.20961017456587636,0.3557975771838899
335,0.3674891101549067,0.007515113695059824,0.07072791465218366,0.20741257878787017,0.34685528270997945
336,0.3502334251527152,0.007678919157526753,0.07582940475383976,0.20843217221183688,0.3578260787240816
337,0.35561069847390037,0.007578311237008118,0.0718814628733484,0.21029174207904508,0.35463778533669793
338,0.355804724126729,0.007579059698198837,0.07191596261500496,0.2101663210196812,0.3545339325403861
339,0.36202442469247004,0.007539332218035662,0.07119283718980192,0.20845415384394433,0.35078925205574796
340,0.35581146688702264,0.00758106855936003,0.07202221567274616,0.21009513282911324,0.35449011605175806
341,0.3544782472786843,0.00767475298743707,0.07561939937601687,0.21149399500126156,0.35073360535660053
342,0.3529144183557764,0.007666132114918684,0.07549098675343634,0.20933240515783433,0.35459605761803403
343,0.3558641264721215,0.007577904460463957,0.07187850729038046,0.2102471893514326,0.3544322724256015
344,0.35549184195383554,0.007578514553565049,0.07190516346342123,0.21006686564023416,0.35495761438894385
345,0.3557388932307158,0.007579230545687666,0.07191747830989471,0.21017501421043244,0.3545893837032696
346,0.35579344696282633,0.007579059416137869,0.07191424795640318,0.2101734382187694,0.35453980744586333
347,0.3558031681510731,0.007579148686938324,0.0719162941113588,0.21017953481649204,0.3545218542341375
348,0.3580222032493889,0.007540350713594049,0.07089978539518205,0.2072702748413491,0.3562673858004862
349,0.3558011407884982,0.007579144032827409,0.07191617645985114,0.21017880273524556,0.35452473598357803
350,0.3558329612648324,0.007579021292066589,0.07191166050410766,0.21020655528825588,0.3544698016507376
351,0.35592479391096155,0.00757865254926914,0.07189631474566033,0.2101556835804969,0.3544445552136118
352,0.3441269167858898,0.007572154624277273,0.07145884353627222,0.20670049749223599,0.37014158756132476
353,0.35580181970102337,0.007579170409642055,0.07191687699639991,0.21018182860624215,0.35452030428669257
354,0.35620868176806375,0.007574388845914893,0.07181702030600486,0.20991230333674804,0.3544876057432683
355,0.35575752467626826,0.0075791845330348455,0.07191845324343907,0.2101648319263123,0.3545800056209454
356,0.36743102653034254,0.0075175073668553175,0.0707449853758914,0.20762049123165802,0.3466859894952529
357,0.34959115905910526,0.007573660622612007,0.07180130437569705,0.20774457615212674,0.36328929979045893
358,0.35527943846532734,0.007582019368016482,0.0720377170586914,0.2099321995558093,0.3551686255521554
359,0.6969853075454313,0.007835506370997341,0.0708559753941858,0.0980912986611308,0.12623191202825504
360,0.35575651948331,0.007581816344685943,0.07204333319851706,0.2100975526871995,0.35452077828628725
361,0.3567942573856837,0.007574268830163398,0.0716854989329971,0.21146356224420723,0.35248241260694885
362,0.357861973797526,0.007563520820346204,0.07156221380131593,0.20950317902745885,0.353509112553353
363,0.3558053815121608,0.007579142877680629,0.07191631053560306,0.21018064143465584,0.3545185236399
364,0.3555214646364836,0.007579139969934275,0.0719201906995709,0.2100682153413158,0.3549109893526956
365,0.3565519062728225,0.007581078400050286,0.07182489609205717,0.2099431305419728,0.35409898869309714
366,0.35550740243358386,0.007582382005784902,0.0720004418721594,0.21048899438140825,0.35442077930706395
367,0.35580377305839356,0.007579047487247741,0.07191298210069304,0.21018166160019947,0.3545225357534661
368,0.3550421910200596,0.007593672192939133,0.07230037448366096,0.21155972298758377,0.35350403931575664
369,0.35689547109865294,0.0075725013140169415,0.07169743678576661,0.21075109804570732,0.35308349275585665
370,0.355850659438897,0.007578741825181545,0.07190739145936575,0.21017275892085052,0.35449044835570515
371,0.3559366440411075,0.007578611422558399,0.0719011119780165,0.2101454132532351,0.3544382193050826
372,0.35565821625657396,0.007578842983571522,0.07190912937273296,0.21013422259832681,0.3547195887887947
373,0.35571258201919853,0.007578572613880828,0.07190062162360657,0.21010443611018534,0.3547037876331285
374,0.3558006295303747,0.007579153000509548,0.07191633050396119,0.21018032578733067,0.3545235611778235
375,0.35492077262927035,0.007579532083257446,0.07193823990446882,0.20986450502878015,0.3556969503542232
376,0.35579730348878086,0.007579236092561162,0.07191943375406347,0.21018402892809562,0.3545199977364987
377,0.35461670708058207,0.007594500184440135,0.07199342406843237,0.209756600079381,0.35603876858716443
378,0.3559145431648927,0.0075783948828926405,0.07190052054493694,0.21014382699365508,0.35446271441362254
379,0.35584514227929176,0.007578914570178868,0.07190943758120948,0.21016773772737316,0.3544987678419467
380,0.6862424839481432,0.006205566104663369,0.0377553615526968,0.13086006585823362,0.13893652253626285
381,0.2885105717126732,0.007532239353776329,0.0685042238369592,0.1847036060530891,0.45074935904350244
382,0.5108622475382306,0.006856612634981555,0.05499919293559463,0.1734974415089778,0.2537845053822154
383,0.3586978114343813,0.0075297365337751694,0.07098942080793876,0.2076152509841741,0.35516778023973106
384,0.3542102252798566,0.00753426471654003,0.07131389880670305,0.21538336386530488,0.3515582473315954
385,0.35580464183739396,0.007579136547656153,0.07191578985221461,0.2101813129144458,0.35451911884828957
386,0.3558036395147943,0.007579136593253368,0.07191604426575213,0.21017907500720365,0.35452210461899675
387,0.3560833266169476,0.007577132140305229,0.07187682657073495,0.21009846533178825,0.354364249340224
