ID,Adoption,Died,Euthanasia,Return_to_owner,Transfer
1,0.3548010137731648,0.007529901063184925,0.07133427810845072,0.2111103895425251,0.3552244175126741
2,0.35453993514925053,0.007542550371494953,0.07163020841923806,0.21161662206074736,0.3546706839992694
3,0.35247796590545627,0.007542185807135268,0.07156016373645646,0.21178480596488256,0.3566348785860695
4,0.3614056730912732,0.007510938443866255,0.07087821577429797,0.21073986090192423,0.3494653117886383
5,0.3542337846349052,0.007546571948300643,0.07172763972843456,0.21148966267450148,0.355002341013858
6,0.3543944705433583,0.007543181508357353,0.07165551447528092,0.21155172846318357,0.35485510500981965
7,0.3541118457914198,0.007555106626972853,0.07216562874732099,0.21147550825285133,0.3546919105814349
8,0.3602921223913755,0.007512849761025387,0.07111707542845734,0.2101269631996774,0.3509509892194646
9,0.35450948245857694,0.007542714492614467,0.07164686342725247,0.21152374577026656,0.35477719385128936
10,0.35446149022164086,0.007542876035356142,0.07164442075958814,0.21153326465604297,0.3548179483273723
11,0.35436095446857224,0.00754101953305334,0.07161089865102332,0.211322664831901,0.35516446251544986
12,0.358286539520531,0.007523458905493427,0.07109189492699998,0.2113823480469204,0.3517157586000549
13,0.35442484186088485,0.007543041376979455,0.07164832816077121,0.2115552855940204,0.35482850300734414
14,0.35427772565740545,0.007546347241904324,0.07179427192631552,0.21151486918276394,0.35486678599161087
15,0.3544102020780468,0.007543029340467114,0.07164823941805587,0.2115517973958945,0.35484673176753595
16,0.35423887045004215,0.007542008324918576,0.07162631033715357,0.21144538235687815,0.35514742853100734
17,0.3544316755089919,0.007543088154958978,0.07165088181258072,0.21156078912222515,0.35481356540124376
18,0.3543714731247882,0.007543422043910781,0.07164786580274313,0.21166486213198943,0.3547723768965682
19,0.3542657484999869,0.007546506931771385,0.07177616364633004,0.21175195968793062,0.35465962123398126
20,0.35400034148599624,0.007514836410763553,0.07062150012622223,0.2159733781967982,0.35188994378021954
21,0.35528755531619255,0.0075402282173196245,0.07146865837829552,0.21258649519929884,0.3531170628888935
22,0.35240823061183635,0.007551462734674943,0.07181274404228624,0.2107516702038736,0.35747589240732885
23,0.35415945538956306,0.007541344521492844,0.07161150514718082,0.2113280752009618,0.3553596197408014
24,0.35746107593336485,0.007526045163431547,0.0712838636027166,0.21108561837302264,0.35264339692746477
25,0.35446674836438313,0.007542293678454049,0.07162766318545598,0.2115744875427837,0.354788807228923
26,0.34972930649830614,0.007532214187651384,0.07141370572430576,0.20973150528507536,0.3615932683046615
27,0.3612211358234235,0.007523653133324985,0.07216679514474963,0.2091733767002732,0.34991503919822864
28,0.3552450569525233,0.007537551859789517,0.07152371525650253,0.21138521996284565,0.3543084559683391
29,0.3543573013484981,0.007543506062590579,0.07166992991480024,0.2115453627961841,0.354883899877927
30,0.35408961782544907,0.00754274260449206,0.07164409953894586,0.21145558024335512,0.35526795978775794
31,0.35435313577060257,0.007543374326534367,0.07164880614926672,0.2116468947142147,0.35480778903938154
32,0.35450509372221173,0.007549839823999088,0.07164845169690014,0.21151003579886074,0.3547865789580286
33,0.35427431836783,0.00754472066562659,0.07172569564348757,0.211505979548215,0.35494928577484064
34,0.34939127541393594,0.007532168513987257,0.07140858475504495,0.20967749372952518,0.3619904775875066
35,0.35731628073195726,0.007520993370610985,0.07119822384037054,0.21060612684257227,0.35335837521448904
36,0.3542910523813019,0.00754308148625754,0.07164695090613507,0.21151621538102383,0.35500269984528143
37,0.3544094984682239,0.0075433061534227784,0.07166009993949086,0.2115619007636724,0.3548251946751902
38,0.3538596570846279,0.007548939440750544,0.071631803700337,0.21129967203068614,0.3556599277435985
39,0.3544562757192375,0.007542956386681582,0.07164537626407469,0.21157139388831478,0.35478399774169167
40,0.35418799486314906,0.007560146380495884,0.07176559294816587,0.2114567413632717,0.3550295244449176
41,0.3593325219766244,0.007472234266142529,0.07018928036593505,0.20765345361683224,0.3553525097744658
42,0.35497662861913476,0.007538839364473198,0.0715812872790805,0.21128170340583158,0.35462154133147994
43,0.35434177640889625,0.007541880672449849,0.07159962319264586,0.21175737993148616,0.354759339794522
44,0.3510940285644109,0.007505515341087328,0.0708154400888003,0.2110336457936573,0.35955137021204414
45,0.35357163829878874,0.00754115881494665,0.07160495312849888,0.2113106655876383,0.35597158417012753
46,0.354391368272117,0.007543308521444573,0.07164321022259823,0.21166737655176202,0.354754736432078
47,0.35451723436606314,0.00754134126004891,0.07159147026666098,0.21165978374245734,0.35469017036476974
48,0.35450111677724205,0.007542491923459939,0.07163935064917872,0.21152196530503023,0.3547950753450891
49,0.3544151685659132,0.007544370644968695,0.07171038774085199,0.2115430772341357,0.3547869958141305
50,0.3607471917928434,0.007507064180374674,0.07096639015470134,0.20978144347391117,0.3509979103981699
51,0.3569999012633791,0.007491821348212939,0.07055821247243445,0.20885505183300945,0.35609501308296393
52,0.3544279926852174,0.00754306264204612,0.07164846159967392,0.211561297572434,0.3548191855006289
53,0.34872522255773264,0.007535956219960826,0.07156869643408888,0.20932161340657854,0.3628485113816387
54,0.5244545221664549,0.006873108261722302,0.05099899795953307,0.17826139185837298,0.23941197975391687
55,0.35267883097470515,0.007550053536251197,0.07179376955306846,0.21198676072055045,0.35599058521542504
56,0.3544463092461807,0.0075429354101895565,0.07164311731050943,0.21158963508741907,0.35477800294570133
57,0.3541936817650568,0.0075431755999740046,0.07165806079840459,0.211486638181556,0.3551184436550083
58,0.3535964757013471,0.007545132086042235,0.07178417521223766,0.2111749470357471,0.3558992699646257
59,0.38457880845994136,0.0073764265181248765,0.0675767937336231,0.20795819162450888,0.3325097796638019
60,0.3543107602900319,0.007543601534384225,0.07166757105577863,0.21151234448333697,0.35496572263646853
61,0.35379504754600966,0.007541531928574048,0.07161644919273459,0.21132085597576633,0.3557261153569152
62,0.35442192917636534,0.0075430833156400895,0.07164884082632872,0.21156889898831147,0.3548172476933542
63,0.34765287576420584,0.007546650889925307,0.07124913549702128,0.21467722924780727,0.35887410860104013
64,0.35662961040523716,0.007530548898349445,0.0714001832287184,0.21106467904508364,0.35337497842261123
65,0.355033217626129,0.007539280709244021,0.07142180698313272,0.21287417134484618,0.35313152333664766
66,0.3542310704703702,0.007542333531103716,0.0716092734391214,0.21169413129495593,0.35492319126444904
67,0.3544493260779032,0.007542923271949186,0.07164349944686672,0.21154012933851735,0.3548241218647636
68,0.35428925412606194,0.007542171138147435,0.07162669675199179,0.2115419489345117,0.3549999290492873
69,0.34994847939485674,0.007532452566218681,0.07142341725428139,0.20977655637359624,0.3613190944110471
70,0.357163187811333,0.007522414966827942,0.07113883479001827,0.21148151625505368,0.35269404617676736
71,0.36212122711986966,0.0074781572280739434,0.07041696675705329,0.20791188918810602,0.35207175970689736
72,0.3543685509506708,0.007542592302393765,0.0716387455814223,0.211505490614513,0.3549446205510005
73,0.3535547330157185,0.007541108923936396,0.07160616079118517,0.21123194536476567,0.3560660519043942
74,0.3543996068362564,0.00754307137816189,0.0716517730520959,0.21154794339905958,0.3548576053344264
75,0.37346742034083963,0.007371654576990502,0.06802429319022313,0.2031485831085934,0.3479880487833534
76,0.35863286121525123,0.0075137944526401474,0.07094155953303448,0.2113882305578359,0.3515235542412385
77,0.3546109696886806,0.0075427969083555185,0.0715719975786222,0.21132033655792473,0.3549538992664174
78,0.3542907634978173,0.007546448635113707,0.07179468516002832,0.2115428728096808,0.35482522989735954
79,0.354410692047902,0.0075430303549464985,0.07164814457918829,0.2115571628926814,0.35484097012528143
80,0.35404644554699444,0.0075423465123834665,0.07162967774917166,0.2114278426583738,0.355353687533077
81,0.3584645364341612,0.007512595488553934,0.07105226193554948,0.21000010286169193,0.3529705032800433
82,0.35138435119749345,0.007541750229226121,0.07160653308321197,0.21113173213433575,0.35833563335573265
83,0.35416799944836436,0.007544222355716231,0.07165438633790225,0.211458050531524,0.3551753413264933
84,0.3595783876224567,0.0074873706080258035,0.07062298979583106,0.20813962169141217,0.3541716302822742
85,0.3545149162374921,0.007542773588322672,0.0716344340132756,0.2116170387418957,0.35469083741901447
86,0.35953673088380333,0.007508851628162523,0.07075099622131306,0.2107462416614452,0.3514571796052758
87,0.35580402608350215,0.007535753746222478,0.07148133715587096,0.21159232383907814,0.3535865591753267
88,0.3543311298033155,0.0075417338405359595,0.07162240529469507,0.2114186115276315,0.3550861195338224
89,0.40662248861634975,0.007261011587804267,0.0661872995264471,0.2107444773643765,0.30918472290502236
90,0.3544587105786542,0.0075412206288442,0.07160700761939744,0.2114791242442626,0.3549139369288414
91,0.3543528925481361,0.007542187411968542,0.07161842867610685,0.2116528678377413,0.3548336235260473
92,0.35212993584205105,0.007557636537528205,0.07152249256340208,0.21677956095587667,0.35201037410114216
93,0.35583931128438834,0.0074957452893084945,0.07083280340489456,0.20731445593528383,0.35851768408612494
94,0.35440566810585306,0.007544035664356927,0.07164370583841669,0.21155645335573936,0.3548501370356342
95,0.35450446655415113,0.007544898469957039,0.07175708697198896,0.2117039600822398,0.3544895879216633
96,0.3544159190322272,0.007543061261096143,0.07164917689456253,0.21155683692736602,0.35483500588474837
97,0.3544212999782585,0.0075431339978248415,0.07165032211567715,0.21157472949196388,0.354810514416276
98,0.35649052299672157,0.007529060503579887,0.0713838611938614,0.21084894275258254,0.3537476125532544
99,0.5659719258940353,0.006445446153668583,0.04499310801339602,0.131788785846185,0.2508007340927152
100,0.35454487208140634,0.007542467020273654,0.07163549683960685,0.21154995720624975,0.3547272068524638
101,0.3478660962218205,0.007556773396206626,0.07154887447429899,0.21046428269782735,0.36256397320984657
102,0.36182650222945056,0.007511521779089286,0.07064416035318222,0.21413427318588932,0.34588354245238845
103,0.3545008521261463,0.007542262832546359,0.07163265154722831,0.2115107979687668,0.3548134355253123
104,0.3542600485599413,0.0075427260113036885,0.07164135548287301,0.21147949715477005,0.35507637279111187
105,0.35427985321526034,0.007542960238142186,0.07168792097199624,0.211525354599819,0.35496391097478225
106,0.354256081397922,0.007543888100396992,0.07164350451759274,0.2114922770689672,0.3550642489151213
107,0.35442302229932315,0.0075432720616408905,0.07165913891854264,0.21155586825424527,0.35481869846624764
108,0.3557144854022678,0.007538551814828381,0.07156399036612197,0.21178464287743745,0.35339832953934397
109,0.35446707885484396,0.007542718358475818,0.07163581952575765,0.21152820251587437,0.3548261807450483
110,0.3529913711271959,0.007563612886733671,0.07221474321059997,0.21377775190372694,0.3534525208717433
111,0.3544277390021926,0.007543059717987462,0.07164834373939863,0.2115617199754981,0.35481913756492317
112,0.3543931351512543,0.0075431330032285126,0.07165010375893291,0.21154718650771048,0.35486644157887354
113,0.35442115207946806,0.0075433044974966305,0.07165781151673216,0.21156091122700746,0.35481682067929554
114,0.35440422166477803,0.0075434739131411245,0.0716675564340018,0.2115646749196572,0.35482007306842156
115,0.49094265391875613,0.005922965592568267,0.032896871649730736,0.15572751899309792,0.3145099898458474
116,0.3543891658165133,0.007543048275924547,0.0716487873578072,0.21154769547812907,0.35487130307162573
117,0.3545586483225662,0.007541635812784405,0.07161771911289874,0.2114808847979221,0.3548011119538285
118,0.35460476390057316,0.007542221956256128,0.07162266738941904,0.21162572240556454,0.35460462434818685
119,0.3544432838822675,0.007542986612976938,0.07164703686362078,0.21155757835994465,0.3548091142811902
120,0.35316251370184465,0.007554596559546783,0.07183928566978479,0.2113267345038885,0.3561168695649356
121,0.3548234298663784,0.007543268971466177,0.07175718221559005,0.2112398392516239,0.3546362796949414
122,0.35335934310027284,0.007543931749048023,0.07169677953873503,0.2113307208622513,0.3560692247496925
123,0.34673176214554124,0.007883262678944566,0.0717379014538103,0.20861302693305053,0.3650340467886533
124,0.35368361070940507,0.00755139883567082,0.07181104741013528,0.21127422567237017,0.35567971737241844
125,0.35620872221286637,0.007529873972547222,0.07139913504946,0.21079968418003298,0.3540625845850933
126,0.35435295110983617,0.007542827642795539,0.07164421378337556,0.21152530265268166,0.3549347048113114
127,0.35442230388472173,0.007543166762365616,0.07165241903569343,0.21156561294279258,0.3548164973744265
128,0.36044036406352753,0.007510670281152637,0.07107942181062103,0.20988665108008495,0.3510828927646139
129,0.353725538622236,0.007552899587675797,0.07178353923518953,0.21132349664231712,0.3556145259125817
130,0.35083906822870614,0.007557928827547565,0.07159653702072047,0.21047100672160007,0.3595354592014253
131,0.35438462112027436,0.007542890193124254,0.07164590266163538,0.2115380748286488,0.35488851119631704
132,0.35401590841751646,0.007551214030043467,0.07172231711767338,0.21140226650874916,0.35530829392601776
133,0.3428734194421792,0.007528362532693993,0.07118848884062048,0.20867057959533133,0.36973914958917503
134,0.35447457448385494,0.0075427819624539864,0.07164293787740969,0.21155152549541575,0.35478818018086583
135,0.35452313385478157,0.007542865664049953,0.07159964664515217,0.2120192914510525,0.3543150623849639
136,0.3543985807896477,0.0075431761386982685,0.0716551321170021,0.21156017270140756,0.35484293825324464
137,0.354423963004904,0.007543118855438094,0.07164995383707513,0.21156495008165094,0.35481801422093207
138,0.3541259994714855,0.007543799274018569,0.07166892818775845,0.21147408774180593,0.3551871853249316
139,0.35442578136681147,0.007543085577740265,0.07164786380288236,0.21157318099262576,0.35481008825993987
140,0.3544076133663173,0.0075430319916331,0.07164813868582566,0.21155296163592205,0.3548482543203017
141,0.35456123324305405,0.007541736867186893,0.0716215225405681,0.21145898036363073,0.3548165269855601
142,0.3977841257900286,0.007305452020427545,0.06602839161694964,0.2064192514212176,0.3224627791513767
143,0.35442755403855714,0.0075430638529137665,0.07164859264466744,0.21156362015803226,0.35481716930582957
144,0.3544343620629797,0.007543031415959656,0.07164892657825254,0.2115597876497476,0.35481389229306026
145,0.35453585400134574,0.007542763543632941,0.0716409883195892,0.21152796692531037,0.3547524272101218
146,0.3543160142720195,0.00754290185591072,0.07164861839102102,0.2115210779998008,0.3549713874812478
147,0.35442602703989234,0.007543105517458819,0.07164991921737142,0.21156390564932326,0.354817042575954
148,0.35454052871810765,0.007542517937680602,0.07163949166144426,0.21153388746788895,0.3547435742148786
149,0.3791479940485757,0.007380154301135216,0.06749243381907528,0.21119408778863458,0.33478533004257915
150,0.35718988386709,0.007526341589130598,0.07133662106757405,0.21071072189136236,0.353236431584843
151,0.3525797021622233,0.007568952022556309,0.07203389216591781,0.21761981432193037,0.35019763932737247
152,0.3550605683186074,0.007543217675874943,0.07167724589126531,0.212961211380209,0.3527577567340432
153,0.3545976566139528,0.0075456467608106285,0.07160529248447929,0.2114663709929613,0.3547850331477961
154,0.35448899698840214,0.007533963987201075,0.07145828456644915,0.21112266951371325,0.355396084944234
155,0.3547236709558905,0.007542121462214612,0.07161429364164562,0.21153376490679032,0.3545861490334591
156,0.3543876462126538,0.007541483472203079,0.07161895191834108,0.21141794976705866,0.3550339686297432
157,0.35438499151070846,0.007544722024143677,0.07172030267228414,0.21155381796801864,0.3547961658248453
158,0.366415850423422,0.0073823322452398294,0.0684235032237125,0.20267510274357267,0.35510321136405315
159,0.3541854612476775,0.0075488046949853446,0.07163560115440448,0.21200045564035352,0.35462967726257866
160,0.35434577961520614,0.007543128679971303,0.07164086832376779,0.21151769340397045,0.35495252997708465
161,0.3544283471813487,0.007543042506462107,0.07164767352162715,0.21156366347634734,0.35481727331421475
162,0.3541838255427528,0.007542324294218711,0.07163756123934738,0.21144165235321047,0.3551946365704707
163,0.3532389958980455,0.007548078017526463,0.07163817574599082,0.21101612594755342,0.3565586243908834
164,0.35461063268750526,0.007539471041666468,0.07155443203916594,0.21143441931295187,0.3548610449187103
165,0.3544231287132976,0.007543088615109629,0.07164977263023158,0.21156071816192595,0.35482329187943534
166,0.3550463239647348,0.007538318532372202,0.07151865494252947,0.2111601678419729,0.35473653471839056
167,0.35440636983365964,0.007542927424231281,0.07164577848832306,0.21154733997915712,0.3548575842746287
168,0.35445015077117026,0.007542839967556233,0.07164356857877777,0.21155194576361983,0.35481149491887576
169,0.3543138611155848,0.00754310592029545,0.07165061572226906,0.21152160792335814,0.3549708093184925
170,0.35371110604747386,0.007543867053504386,0.07168577898141595,0.2112994597541473,0.3557597881634584
171,0.35455384843866566,0.007542721871395701,0.07165970521786955,0.21175931660885955,0.3544844078632095
172,0.3542031914185852,0.00754258638506366,0.07163454077815196,0.21156399600140713,0.3550556854167921
173,0.3544322690418826,0.007543063773520886,0.07164872463964087,0.21156354837758135,0.35481239416737437
174,0.3544184206426648,0.007543062553097963,0.07164915960357007,0.2115580305395436,0.3548313266611235
175,0.3542362629270967,0.007542931094452999,0.07164854191478197,0.21156279819545462,0.3550094658682138
176,0.354941922026958,0.007540545298257521,0.07161549067505914,0.21145096734848792,0.35445107465123754
177,0.35442448086036404,0.007543137070326074,0.07165114136064689,0.21156344072732852,0.35481779998133467
178,0.34845261381638176,0.007632732773584898,0.07467574649081753,0.21483363423858212,0.3544052726806335
179,0.3544247103017714,0.0075430664148505655,0.07164850201481265,0.21156203037411375,0.3548216908944513
180,0.3610969775213699,0.00747865277785629,0.07043415137067484,0.20760001720025903,0.35339020112984026
181,0.3550233420932161,0.007538760148621441,0.0715585978086629,0.2114083503410776,0.3544709496084222
182,0.3620869781910733,0.0074609086922338246,0.0700160646505263,0.20656214702568537,0.35387390144048103
183,0.354229125345387,0.00754449587775625,0.07170089690911202,0.21149896222860326,0.35502651963914106
184,0.354661036564672,0.007538695125364113,0.07153390868028404,0.21150109181156784,0.3547652678181119
185,0.35444255040071176,0.007542990661222625,0.07164701810478598,0.21156601780215084,0.35480142303112905
186,0.3544264404520556,0.0075430806478631405,0.07164855324591128,0.21156690205683581,0.354815023597334
187,0.6838788228029654,0.007530364318917993,0.06783893432949722,0.10676124896790971,0.13399062958070934
188,0.35438431098547485,0.0075418818544814884,0.07162305558800583,0.21144302491625847,0.35500772665577945
189,0.3544229022472324,0.007542848441709235,0.07164132468935969,0.21156496119646717,0.3548279634252317
190,0.35441702325322655,0.007542450583208285,0.07163514087798341,0.21151605820849317,0.35488932707708865
191,0.3544184206426648,0.007543062553097963,0.07164915960357007,0.2115580305395436,0.3548313266611235
192,0.3544386886404171,0.007543039411272185,0.07164771567177704,0.2115684079502814,0.3548021483262522
193,0.37983191652115833,0.007423717051524024,0.06859461611265331,0.20904356818462266,0.3351061821300416
194,0.35320352289968593,0.007545149277362125,0.07173858178563358,0.21118610954719477,0.3563266364901238
195,0.35443712368089575,0.007542955315973139,0.07164640156007368,0.21155644360544967,0.3548170758376079
196,0.35373980625844326,0.0075496928618871955,0.07175766509511289,0.21136755212914746,0.3555852836554094
197,0.35446632762782593,0.007542838196200232,0.07164040799250866,0.21156588149999186,0.354784544683473
198,0.35418001390143694,0.007542830605096296,0.07164511170124314,0.21147992108458766,0.3551521227076361
199,0.3544205501090689,0.007543149220080313,0.07164893028055362,0.21158561803384432,0.3548017523564529
200,0.35437543667019156,0.0075430517806366944,0.07165118295135363,0.21153503020820186,0.3548952983896163
201,0.3403289675242226,0.007738926104707279,0.07807401780973952,0.20703481064153076,0.36682327791979996
202,0.35451055035208917,0.007540045661737074,0.07161434218365777,0.21142304016631153,0.3549120216362048
203,0.3499913509092189,0.007533464967635333,0.07143488338124857,0.2098241806300431,0.3612161201118539
204,0.35454502594707576,0.007542474453808902,0.07163611473565175,0.21155092102028053,0.3547254638431834
205,0.35572218751159224,0.007532331957216925,0.07131902978717441,0.21200467004928586,0.35342178069473085
206,0.3549011841072832,0.007542366837507489,0.07159179138150551,0.2123264280242235,0.3536382296494804
207,0.35430810147929565,0.007543838680039571,0.0716799396301224,0.21150767855055716,0.35496044165998486
208,0.3549095320765101,0.00753929806268482,0.07159764446920808,0.21142577289142736,0.3545277525001692
209,0.35433267542044,0.007545002521864081,0.07173420068234265,0.21152955570334567,0.3548585656720075
210,0.3544153045537816,0.007542819860531647,0.07164362781276465,0.21154006965529965,0.3548581781176225
211,0.3793638489267371,0.007373855223094371,0.06797110871870865,0.20511116362910692,0.34018002350235294
212,0.3544211391176561,0.007543162243763755,0.0716524196481451,0.211562651470119,0.354820627520316
213,0.3545354489379266,0.007542420412320967,0.07163733989039864,0.211527287859686,0.3547575028996677
214,0.35439806503496,0.007542940458357586,0.07164536246545865,0.21154655608836018,0.3548670759528636
215,0.3743328231557739,0.007389341188806957,0.06815586696749354,0.2062850014645688,0.34383696722335694
216,0.35442246358426915,0.007543121450058588,0.07165057883902838,0.21157056276363337,0.3548132733630106
217,0.3537079116242091,0.007544476742504278,0.0717030350357229,0.2112897306830847,0.3557548459144791
218,0.3603614379895779,0.007513617802766309,0.07110004722713945,0.21027299347954345,0.35075190350097313
219,0.354318501707657,0.0075435619113920415,0.07166000816756683,0.2115173976323179,0.35496053058106625
220,0.3544159808042487,0.007543429209931761,0.07165762724196417,0.21160530059583008,0.3547776621480254
221,0.35427863690201983,0.00754951177623681,0.07188958866505295,0.21230568322148996,0.35397657943520017
222,0.35620031408506575,0.007532249153697034,0.07143655568699234,0.211013122172986,0.35381775890125855
223,0.38149234133169213,0.007391990890251826,0.06847555835170452,0.20519980243733763,0.3374403069890138
224,0.354398128596108,0.0075429749795768285,0.07164688575506986,0.21153871629738571,0.3548732943718599
225,0.3544222681866206,0.007543099091844031,0.07164791737805205,0.21157470286426838,0.35481201247921484
226,0.3544406964694844,0.007542991508568563,0.07164662955754797,0.21156254510565956,0.3548071373587398
227,0.3807837237199028,0.007357772288807745,0.06741146908356496,0.20463523335372286,0.3398118015540014
228,0.3524395511473314,0.007543975711404665,0.07153678303289626,0.21072307822185168,0.3577566118865158
229,0.3540660642096587,0.007543333854254147,0.07168721370482675,0.21136929956155873,0.35533408866970173
230,0.3637688296118972,0.007487726678519637,0.0700510253642181,0.21308210404881572,0.34561031429654937
231,0.35335090857395324,0.007550262285461587,0.07167279376396368,0.21133199884643475,0.35609403653018695
232,0.35454090818783796,0.007542335900466873,0.07163502685671165,0.21151693014575748,0.35476479890922624
233,0.3712033076877367,0.0074207294261511665,0.06924389736577297,0.20478058303707997,0.3473514824832592
234,0.35490249042267974,0.007538597537514576,0.07154697731241126,0.21154888188911752,0.3544630528382769
235,0.35442584505873564,0.007543078528301169,0.07164888691234818,0.21156290786407153,0.35481928163654347
236,0.3533357883374824,0.0075430665262358875,0.071675205037047,0.21115356626451948,0.3562923738347153
237,0.35444116726098385,0.007542897745700019,0.07164336524875313,0.21157120845974367,0.3548013612848193
238,0.36309362120119576,0.007499674800403298,0.07079494480008264,0.2097233961205386,0.3488883630777798
239,0.35441884672263047,0.007542960919968329,0.07164707697998232,0.21155529293523773,0.3548358224421812
240,0.3534828044234504,0.007540826515285067,0.07160252525480208,0.2111397662970295,0.35623407750943276
241,0.3540297812418011,0.007550695448124541,0.07166601471687421,0.2113942158862221,0.3553592927069779
242,0.35451482745273,0.007542802832603807,0.07165280372879093,0.21154124407266142,0.3547483219132138
243,0.3541994487813439,0.00754281712963626,0.07164308094656925,0.2114729380153983,0.35514171512705217
244,0.35695755555906317,0.007498831853879607,0.07089051205529483,0.20869653943544417,0.35595656109631835
245,0.3543800726309036,0.007543316938376024,0.07165761218659386,0.21154461460707677,0.35487438363704993
246,0.35442558192218293,0.007543247866391382,0.07165057100597397,0.21156271134714702,0.3548178878583047
247,0.35264717485495484,0.0075429753564189095,0.07171169933788386,0.2109061280755837,0.3571920223751585
248,0.3544207633884761,0.007539651163259485,0.0715673324601164,0.21160034704593417,0.35487190594221424
249,0.3543196724711012,0.007542912181615175,0.07164691299575053,0.21152618832215925,0.3549643140293738
250,0.33644054912555255,0.0075192386507085,0.07092617621082072,0.20486992600560147,0.3802441100073168
251,0.37010949057567694,0.007447595088056854,0.0698304939835274,0.20642105817682896,0.3461913621759099
252,0.3545178486285121,0.007542728096137975,0.07164832692919522,0.2115322345995861,0.3547588617465686
253,0.35554880839249386,0.0075352831403866566,0.07148617034319346,0.21125665166891852,0.3541730864550077
254,0.35438284244056806,0.007544683950686644,0.07171869157476958,0.21154989898477528,0.35480388304920024
255,0.367913341777226,0.0074704126759965765,0.07009651569393734,0.20925182115766724,0.34526790869517304
256,0.35440724359547865,0.00754331498997524,0.07165554952421481,0.21155847081926452,0.3548354210710667
257,0.35443018297372775,0.007543056624248082,0.07164822936102729,0.2115632987987122,0.35481523224228484
258,0.3548093915020918,0.007540496265847601,0.07154257005768502,0.21186469108171266,0.3542428510926629
259,0.35442048631321993,0.007543295096851469,0.07165824581641717,0.21156125343466026,0.35481671933885117
260,0.3539379061046606,0.007542027881726519,0.07165946538435551,0.2112183075247543,0.355642293104503
261,0.3538936523939674,0.007545742070586344,0.07176767598475678,0.21132224448992354,0.3554706850607656
262,0.3544197381256792,0.0075430164918377255,0.07164722670491384,0.21156062891210867,0.35482938976546075
263,0.3544384617217762,0.007543249332730926,0.07164785036213757,0.21152272404994787,0.35484771453340724
264,0.3544115958195608,0.007543041958123993,0.07164789941112568,0.21155854940039198,0.35483891341079765
265,0.3544294636305135,0.007543169247752222,0.07164740391890327,0.2115661168313598,0.35481384637147106
266,0.35438314160902995,0.007544688854378897,0.071717896021225,0.21155740968919468,0.3547968638261713
267,0.35788350707470795,0.007522628493239253,0.07127413757443933,0.2105476015710508,0.35277212528656277
268,0.41184829125873573,0.007223217917724437,0.06413802353316954,0.20101870710536932,0.315771760185001
269,0.3532520121868842,0.007545783285898245,0.07169524280089244,0.2119162330349175,0.3555907286914075
270,0.34925563011179894,0.007538707677696461,0.07140036826293487,0.20956177198129275,0.36224352196627707
271,0.36217231448435905,0.007506450626577261,0.0708489791223466,0.21042466215236177,0.3490475936143554
272,0.3542625483809261,0.007542664337204016,0.07163992650098286,0.21150585152131615,0.3550490092595709
273,0.3562496553060799,0.007532096713883919,0.07142660490355786,0.2111375822070358,0.35365406086944245
274,0.3544159781139785,0.007543064323777058,0.07164923785083036,0.21155640102176174,0.3548353186896525
275,0.35193275272742225,0.007639017574133825,0.07563085151986977,0.21092976979771097,0.3538676083808628
276,0.35476287204349777,0.00753854148336177,0.07149160046982583,0.21190497773781022,0.3543020082655047
277,0.35741536221950154,0.0075130729270372525,0.07112707022416452,0.20927221070799584,0.3546722839213014
278,0.3542839942865078,0.007542059491609141,0.07162572126797981,0.21146612537116805,0.3550820995827353
279,0.3544024453787162,0.007543418983386935,0.07169049003586649,0.21164911361742467,0.3547145319846055
280,0.37475328275693975,0.007403990452447677,0.06847917055949088,0.20782187712604364,0.3415416791050781
281,0.3544224989235425,0.00754311582225334,0.0716509152017257,0.21156246906504964,0.35482100098742864
282,0.35442308900554154,0.007543094703602662,0.07164779324308233,0.21157592562541788,0.35481009742235536
283,0.35913172500564833,0.007514557248271764,0.07106997728908038,0.21040047885051608,0.3518832616064837
284,0.3542575569966474,0.0075430622311373485,0.07164952883004903,0.21150217668974303,0.35504767525242303
285,0.3544259360364721,0.007543065367234949,0.07164843581392112,0.21156332855636334,0.3548192342260085
286,0.3544009200189795,0.007542976172242686,0.07164735038189658,0.21154628001829945,0.35486247340858235
287,0.34882965227286955,0.007540961217524837,0.07158456573581509,0.20962548811512322,0.36241933265866716
288,0.35746065468819765,0.007523701523396503,0.07128168119734618,0.21064084680221337,0.35309311578884633
289,0.3544309537750516,0.007542978932936251,0.07164688838475515,0.2115534297449475,0.3548257491623096
290,0.354408831022011,0.0075430680034192085,0.07164874576143235,0.21155566107823695,0.35484369413490063
291,0.3535144907578617,0.0075431004231251006,0.07167068518809348,0.211221439765986,0.35605028386493387
292,0.35464992081253643,0.007539728833421306,0.0715790297028633,0.21142959387253682,0.354801726778642
293,0.3544835719317979,0.007542502465085814,0.07163810167094972,0.21150387480714736,0.35483194912501925
294,0.3550836815728257,0.007546597295316853,0.07179533788135499,0.21235912359647058,0.3532152596540319
295,0.35442590715045985,0.007543085564597725,0.07164876399911546,0.2115610172142246,0.3548212260716023
296,0.3585297076572276,0.007518499782887346,0.07104250663442353,0.21182707003840068,0.35108221588706073
297,0.35362713013431585,0.007541284447132546,0.07161071177181831,0.2112811031909695,0.35593977045576414
298,0.35505353623706487,0.007539269897632046,0.07157181136619076,0.21143289326659853,0.35440248923251355
299,0.35446666301368296,0.0075428306128608935,0.07164356734111889,0.21156574728180477,0.3547811917505324
300,0.3542407589003152,0.007542686296161395,0.07164178970714705,0.211497824664429,0.3550769404319473
301,0.3543001482884431,0.007543018338276604,0.07165085776492934,0.2115172216592094,0.3549887539491416
302,0.35070576717624924,0.007525439201465405,0.07126180589765066,0.2100184616717528,0.36048852605288184
303,0.34917879726519074,0.007533279378992984,0.07144382567225208,0.20949344869179054,0.36235064899177344
304,0.35437811432842936,0.00754408756365832,0.0717112362348142,0.21149939596839537,0.354867165904703
305,0.3608446224875407,0.007510612405462724,0.07102471102276837,0.21018418524369165,0.3504358688405364
306,0.35442775157284334,0.007543063294357991,0.07164847197336009,0.21156113911586505,0.3548195740435738
307,0.3537416252239439,0.007552847976197571,0.07181122176160791,0.21143585272849147,0.35545845230975925
308,0.35193087647806004,0.00755981321796854,0.07154638217294253,0.21722600165121578,0.3517369264798131
309,0.3544464040518398,0.007543412441791789,0.0717024971344744,0.21138155412994591,0.3549261322419479
310,0.3564397372219352,0.007531727611071575,0.07142314564830655,0.21113993449425716,0.3534654550244294
311,0.3544098362304982,0.007543088956369536,0.07165029824033174,0.211557411168002,0.3548393654047982
312,0.35449214150302877,0.007539214036971566,0.07156210137562816,0.21130566755672717,0.35510087552764447
313,0.37472831963022574,0.007356935267008984,0.06731566456115029,0.20531903419365174,0.34528004634796344
314,0.3545152539437277,0.0075428888395211655,0.07163768464222174,0.211654254056958,0.3546499185175714
315,0.35344158600523906,0.007541582087327158,0.07158903946240072,0.21143953296288107,0.35598825948215196
316,0.3544254464976858,0.007543061637534542,0.07164822293678001,0.21156264578975428,0.3548206231382453
317,0.3544275495756719,0.007543063570686714,0.07164845559231693,0.2115618457571462,0.3548190855041784
318,0.3537617470000197,0.007542751397323081,0.07165057093248668,0.2114351636108247,0.35560976705934555
319,0.36290717498221975,0.007486404270255307,0.0705183225970367,0.2091736901919964,0.34991440795849194
320,0.3544401408218692,0.007542409087750965,0.07163733186099297,0.21150459860421408,0.35487551962517294
321,0.35404390569670346,0.007543072409547741,0.0716336996435827,0.21166084167510332,0.35511848057506307
322,0.3531988333265307,0.007545246424241471,0.07177695357861112,0.21125099055695032,0.35622797611366663
323,0.3537855273481612,0.007549765096590399,0.0717770764382829,0.21120718596731694,0.3556804451496489
324,0.3535709813790604,0.007544524457085405,0.07162519382288725,0.211326881077956,0.35593241926301084
325,0.3550818938798009,0.007519881755118952,0.07081984980006407,0.21122064823860037,0.3553577263264155
326,0.3543811553973144,0.007538669668306601,0.07158331402197772,0.21116405228097893,0.35533280863142225
327,0.3543983907242322,0.007542904436095855,0.07164514585867496,0.21153394737299286,0.3548796116080042
328,0.3544163631412191,0.007543136725831185,0.0716502128047792,0.21157541468264882,0.3548148726455215
329,0.3540894152130091,0.007548514055693157,0.07171442560416418,0.21141865054805456,0.355228994579079
330,0.3590995790271841,0.007525029759233692,0.0714603117921025,0.21066645908423043,0.35124862033724913
331,0.35442496955722447,0.007543080719450368,0.07164884880682151,0.21156250127391105,0.3548205996425928
332,0.3884582085881183,0.007346347894427096,0.06885608614726059,0.19998655650085786,0.33535280086933633
333,0.34641576387017176,0.007619385957144082,0.075130685330523,0.2088159483862359,0.3620182164559256
334,0.3533614190396328,0.007939205530570566,0.0715973618843986,0.21098076596225837,0.3561212475831397
335,0.366311315680862,0.007482381093469796,0.07049993189622096,0.20869339139776066,0.3470129799316867
336,0.3489305038771191,0.007637464626148816,0.07543823480651751,0.20979790493201875,0.35819589175819594
337,0.3542288521806088,0.007542276624382878,0.07161493787560018,0.21167655532256338,0.3549373779968442
338,0.35442961858722083,0.007542979793638618,0.071648303095431,0.21154734584324209,0.3548317526804679
339,0.3607526658668393,0.007505389119966142,0.07094880810769605,0.20977631778718778,0.35101681911831123
340,0.35444074957915106,0.007544917331034732,0.07175142345209265,0.2114752141034649,0.3547876955342565
341,0.35318764766762767,0.007633739569238462,0.07524423907859919,0.2129390142026249,0.3509953594819098
342,0.35162632361312546,0.007625509160899095,0.07511445691937825,0.2107197103044533,0.3549140000021437
343,0.3544871381077932,0.0075418871465446095,0.07161214908987502,0.21163037686925953,0.3547284487865273
344,0.3541130654382801,0.007542431277263445,0.07163739087793092,0.2114452075086437,0.35526190489788173
345,0.3543626464819355,0.007543139329577976,0.07164972712990432,0.21155635794837171,0.35488812911021067
346,0.3544179934261812,0.007542978882623758,0.07164664083207026,0.21155465658272504,0.35483773027639975
347,0.35442782097728814,0.007543066067593179,0.07164864557945531,0.2115609490984355,0.35481951827722824
348,0.35671808154053475,0.007505104460823486,0.07065662658701931,0.2085422281724752,0.3565779592391476
349,0.35442577015718835,0.007543061419306585,0.07164852838888103,0.21156019639280846,0.35482244364181564
350,0.35445778189239624,0.007542931654746445,0.07164420474703564,0.2115884200032933,0.35476666170252835
351,0.35455114193798726,0.007542622571737883,0.07162931464793489,0.211536135953456,0.35474078488888416
352,0.3426012744018769,0.007536108809572317,0.0711895739198504,0.20799353760414308,0.3706795052645572
353,0.35442642787622247,0.007543086967926749,0.07164921493573083,0.21156331696969113,0.35481795325042853
354,0.35484163133392155,0.0075384989109145975,0.07155218333310767,0.21128436204384546,0.3547833243782109
355,0.3543817927623396,0.007543095040442978,0.07165066578511835,0.21154586729721078,0.3548785791148888
356,0.3662497564551233,0.0074846563980013525,0.0705168886673159,0.20890682963799084,0.3468418688415678
357,0.348156488115423,0.007537198314646034,0.0715263894588217,0.20905863290931395,0.3637212912017953
358,0.3539048395919208,0.0075457058618936,0.07176479698324782,0.2113078612548436,0.35547679630809415
359,0.6995194239038877,0.00762844615859799,0.07110237373068289,0.09829431743710072,0.1234554387697307
360,0.35438590895892935,0.0075455970194118,0.07177180549126837,0.2114776718555747,0.35481901667481547
361,0.355403677555171,0.007538599082566943,0.07142791613881108,0.21288052025499066,0.35274928696846053
362,0.35651860658894646,0.007528392492897377,0.0713055381788102,0.21086126910784542,0.3537861936315005
363,0.35443004885227924,0.007543060789596041,0.07164866624985913,0.21156208711669747,0.35481613699156805
364,0.35414376740554504,0.007543024076564526,0.07165199044510202,0.2114465751245559,0.35521464294823224
365,0.35519048687924826,0.007545021785542539,0.07156010377044499,0.21131575104329828,0.354388636521466
366,0.35412441899875247,0.0075461679225355335,0.07173069713274359,0.21188053773084578,0.3547181782151227
367,0.3544282934147663,0.007542969482103197,0.07164543305962134,0.21156310987717655,0.3548201941663326
368,0.35364256868434907,0.007557017715504993,0.07202365645988151,0.21298541290505846,0.35379134423520575
369,0.35552005259848285,0.007536849377799645,0.07143822707919349,0.21214676627261522,0.353358104671909
370,0.35447586881905074,0.007542680984841554,0.07164003395995101,0.21155388850889856,0.3547875277272581
371,0.354563585619249,0.007542559554366401,0.07163395666441666,0.21152555139259935,0.3547343467693688
372,0.35428115392565734,0.007542756669618288,0.07164148355371859,0.211514340172813,0.3550202656781928
373,0.3543366386274931,0.007542501947883773,0.07163322659959548,0.2114835561489467,0.3550040766760811
374,0.3544252280892998,0.0075430701174601785,0.0716486803622734,0.21156176640642746,0.35482125502453926
375,0.3535374480472751,0.007543363534256584,0.07166838428894487,0.21123801248676705,0.35601279164275645
376,0.3544218790043403,0.007543149528099448,0.07165169856165458,0.21156560883448677,0.35481766407141924
377,0.35323304474071,0.007557800072548084,0.07172147373930396,0.211127222192067,0.3563604592553709
378,0.35454113904016377,0.00754234597082903,0.0716333662924718,0.21152392145895746,0.3547592272375781
379,0.3544704792382189,0.007542843391899298,0.07164199995756351,0.21154869397073894,0.3547959834415792
380,0.6908686068581069,0.006180621522703133,0.037936531297459025,0.12888015764459837,0.13613408267713265
381,0.286346025336545,0.007502268314505291,0.06823871300445172,0.18540357416094427,0.45250941918355353
382,0.5124718742217281,0.00684693651695542,0.05514784376204194,0.17329810052393504,0.2522352449753394
383,0.3573757220266394,0.007496119048167314,0.07074842080509379,0.2089175238754813,0.35546221424461805
384,0.35268691995632206,0.007500965393920771,0.0710839480058735,0.21691348081108347,0.3518146858328001
385,0.35442926960088195,0.007543054749846238,0.07164816074750957,0.21156277452783379,0.35481674037392874
386,0.3544282989745664,0.007543054513769517,0.0716484028818124,0.21156047384047588,0.35481976978937607
387,0.35471262319054214,0.007541147390038242,0.07161044115763773,0.21147690344532113,0.35465888481646063
