ID,Adoption,Died,Euthanasia,Return_to_owner,Transfer
1,0.35448597623612615,0.007516840265193893,0.07093502728444157,0.21111748565140204,0.3559446705628367
2,0.35423623404279503,0.007529057656556941,0.07121998518654979,0.2116261243301696,0.3553885987839287
3,0.3521419424835725,0.007528990169682739,0.0711491250937028,0.21180490652439937,0.35737503572864265
4,0.36116565904054454,0.007497348037909769,0.0705006278283948,0.21070922851132196,0.3501271365818286
5,0.35393107422915643,0.007533054612825772,0.07131365406557824,0.2114994982965152,0.3557227187959246
6,0.35409014999914074,0.007529701661699976,0.07124419171512025,0.21156148793737783,0.35557446868666126
7,0.35383059263847016,0.0075410022075079195,0.0717365380904516,0.21148362771885873,0.35540823934471144
8,0.36003911755246654,0.007499787010697992,0.07073730802697756,0.21010730958671872,0.35161647782313904
9,0.3542063095685871,0.007529239746292723,0.07123603320036435,0.21153289488711197,0.35549552259764383
10,0.3541575465877918,0.00752940863255282,0.07123356171390882,0.21154270430329516,0.3555367787624512
11,0.3540541750578769,0.007527670247445109,0.07120067633179371,0.21133187576454174,0.35588560259834257
12,0.35800806698905785,0.007510340072013684,0.07070635459120808,0.21137336108954582,0.3524018772581744
13,0.35412057204317476,0.007529566225483983,0.07123728127525931,0.21156495709738443,0.3555476233586978
14,0.35397909695771523,0.007532710645222885,0.07137808208376242,0.21152430874431638,0.35558580156898345
15,0.35410572781657157,0.007529557363264246,0.07123717368117877,0.21156151710384288,0.35556602403514254
16,0.35393087947307467,0.0075286259425562455,0.07121586643030288,0.21145547204202383,0.3558691561120426
17,0.3541276233179885,0.0075296061141350455,0.07123976747200504,0.21157044055117966,0.3555325625446914
18,0.35406624512389806,0.007529923584803237,0.07123679745872864,0.2116753059176818,0.3554917279148883
19,0.3539662869326808,0.007532782719125032,0.07136027349509871,0.2117625254414289,0.35537813141166646
20,0.3536288456440845,0.007500789329231446,0.07024880294191428,0.21601490694841274,0.35260665513635736
21,0.35498471186787145,0.007526491752401525,0.07106554802114666,0.21259664078141927,0.3538266075771611
22,0.3520845606695796,0.007538481099393501,0.07139359657309158,0.21076584365913306,0.35821751799880214
23,0.3538497034002042,0.007528032996540662,0.07120142316711175,0.2113381025979841,0.35608273783815925
24,0.35718002039976654,0.00751269968059099,0.07089074640853384,0.21108053297654858,0.3533360005345599
25,0.35416197153142676,0.007528823262868642,0.0712173523152601,0.2115842079245321,0.3555076449659126
26,0.34934831028392016,0.007520382326750339,0.0710049976760032,0.20975566427295358,0.3623706454403728
27,0.36097084217969844,0.007513650386667698,0.07181970060247954,0.20914518478222485,0.3505506220489297
28,0.3549457561330144,0.0075241564565908265,0.07111838064471991,0.21139079444181114,0.35502091232386357
29,0.35405323417848467,0.007530013984648069,0.07125804800732358,0.21155518268585552,0.3556035211436883
30,0.353780503855743,0.0075293587867981526,0.07123277753693164,0.2114663272211725,0.35599103259935444
31,0.3540477949024975,0.007529876276210671,0.07123764073790867,0.2116573115149804,0.35552737656840283
32,0.3542018783420398,0.007536428409346699,0.07123768712086179,0.21151914968772764,0.35550485644002416
33,0.3539720725018286,0.007531177592403534,0.07131178939562366,0.2115157294770168,0.3556692310331275
34,0.34900549972988293,0.007520389813605444,0.07099948318698943,0.2097030953925848,0.3627715318769375
35,0.35703082506395833,0.007507755853961016,0.07080609643889196,0.21060090415125826,0.35405441849193076
36,0.35398488299342096,0.007529647785450261,0.0712357594701083,0.2115263092847668,0.3557234004662536
37,0.3541056315156738,0.007529814000288695,0.07124862857430965,0.21157161334652874,0.3555443125631994
38,0.35354691732866855,0.0075357260231564945,0.07122050721697226,0.21131075881387773,0.356386090617325
39,0.35415226010180445,0.007529474872106698,0.0712344950798639,0.21158099640839023,0.355502773537835
40,0.3538868246483093,0.007546697312505472,0.07135017496144475,0.2114662945499497,0.35575000852779093
41,0.3590236269868804,0.007460717598602501,0.06983757723435874,0.2076314791911186,0.35604659898903995
42,0.3546768721528033,0.007525427513667916,0.0711734004406458,0.21128781753196968,0.3553364823609134
43,0.3540336455451686,0.007528384482846822,0.0711900281124812,0.21176881596360547,0.35547912589589814
44,0.3507000619858286,0.007492662772416525,0.07042776673341038,0.21107847939064542,0.3603010291176992
45,0.3532532606227413,0.007527928982029052,0.07119433610838274,0.21132318693860005,0.35670128734824685
46,0.3540862198239714,0.007529808656187003,0.07123230267371859,0.21167773897272493,0.3554739298733983
47,0.35421124203253757,0.0075278666145204304,0.0711825186098254,0.21166970899604481,0.3554086637470719
48,0.3541974446463974,0.007529026380528893,0.07122875471174452,0.21153118409438756,0.35551359016694195
49,0.3541140266497591,0.007530809533566346,0.07129722400293868,0.21155247529909718,0.3555054645146387
50,0.36049576099177577,0.007494046008430409,0.07058960995674403,0.20975900570008668,0.35166157734296327
51,0.35667475262686754,0.007479696314643112,0.07019049158623004,0.20885549743766488,0.3567995620345943
52,0.35412376772710413,0.007529584461449039,0.07123741664943671,0.21157097930614763,0.3555382518558628
53,0.34834043700398615,0.007524123914256061,0.07115078395350019,0.20934765957865298,0.36363699554960466
54,0.5258776957609809,0.006868760904128267,0.05134564077944025,0.17701328236749328,0.2388946201879574
55,0.3523587817816663,0.007536404077473003,0.07137434442308828,0.21200555172380608,0.3567249179939664
56,0.3541420164698743,0.007529450814486794,0.07123229869054318,0.21159938741697037,0.35549684660812536
57,0.35388697270302505,0.007529730776826793,0.07124605600042712,0.211496968221836,0.35584027229788506
58,0.35328885697544,0.007531678370907603,0.07136630632457869,0.21118565878737208,0.35662749954170164
59,0.38451703532846937,0.007364220143362842,0.06734437321288303,0.20778180355773446,0.3329925677575505
60,0.35400609570817615,0.007530123625427086,0.07125550481919503,0.2115222284397642,0.35568604740743753
61,0.35348040837409,0.007528273148058412,0.07120577412503636,0.2113324767016008,0.3564530676512144
62,0.35411763024748794,0.007529602705285529,0.07123777703620825,0.21157864197261667,0.3555363480384018
63,0.3472309757410645,0.007533473893058539,0.07084183087659458,0.214734108673123,0.35965961081615927
64,0.3563434742528167,0.007517157931408174,0.07100104944445415,0.21106375266981137,0.35407456570150925
65,0.35472460082763746,0.007525447140928219,0.07101889593928197,0.21288867479778062,0.3538423812943718
66,0.35392198271043607,0.007528885722227325,0.07119925549028787,0.21170527789075644,0.3556445981862922
67,0.35414520126708554,0.00752945390134702,0.07123260325327233,0.2115496577428157,0.35554308383547945
68,0.3539818596114184,0.007528745014762832,0.07121631619860377,0.21155232851132552,0.35572075066388925
69,0.34957100180434086,0.007520568420668538,0.0710147630053458,0.20979942188369932,0.36209424488594527
70,0.3568727693116949,0.007508914946006634,0.07074746037156994,0.21148044871917118,0.3533904066515574
71,0.36186210499787,0.007465881973290061,0.07005858588756803,0.20788314461699378,0.352730282524278
72,0.3540630372946166,0.00752915298023598,0.07122795409155692,0.21151524663842045,0.3556646089951702
73,0.35323648108858025,0.00752791994117356,0.07119514011862471,0.21124449161686668,0.356795967234755
74,0.3540951649823002,0.007529596742101082,0.07124058478679236,0.2115576795265778,0.3555769739622284
75,0.3732598128053577,0.0073611340395357515,0.06776260722785851,0.20304641970407725,0.3485700262231707
76,0.3583511953926748,0.0075003964398948336,0.07056066606286363,0.21138198895312194,0.35220575315144503
77,0.35430585451310714,0.007529370312654755,0.07116353806534818,0.21132879412025984,0.3556724429886301
78,0.3539923121722677,0.007532800408484128,0.0713784882186775,0.21155236679249112,0.35554403240807964
79,0.35410620989101393,0.0075295561912711376,0.0712370894761875,0.2115669093092162,0.35556023513231105
80,0.35373597194136513,0.007528998604161285,0.07121882038072982,0.21143874987198935,0.3560774592017541
81,0.35818544605546787,0.007499740094423418,0.07066911812930103,0.2099882578120035,0.3536574379088042
82,0.3510359918145546,0.007528953584609552,0.07119245538370005,0.21115339920781945,0.35908920000931666
83,0.35386066240715236,0.007530813674197483,0.07124263014990403,0.21146839324917036,0.35589750051957575
84,0.3592969269252157,0.007474888285241534,0.07025352562581287,0.20812178894805872,0.3548528702156713
85,0.35421120603834494,0.007529276319215242,0.07122397060652547,0.2116264559988526,0.3554090910370616
86,0.3592532562313292,0.007496006424525201,0.07038199329931186,0.210739212964295,0.352129531080539
87,0.35551078410072795,0.007522211947605667,0.07107792028274226,0.21159611178675858,0.35429297188216546
88,0.35402427466382475,0.007528352208352615,0.07121216893916045,0.21142821623927324,0.3558069879493891
89,0.4067612139650573,0.007247021703542145,0.06607064498202378,0.21054218555373375,0.30937893379564335
90,0.3541527171525359,0.007527813335979773,0.07119753716356926,0.21148856266616056,0.3556333696817547
91,0.354045865796507,0.007528714683239393,0.07120837368837477,0.21166369028058415,0.355553355551295
92,0.351781604191208,0.007542750096041942,0.07111174549312056,0.21682520553230672,0.3527386946873231
93,0.35552157911254345,0.007483472333370219,0.0704418921246037,0.20731537316133045,0.3592376832681526
94,0.35410087568190085,0.007530576504958594,0.07123281981342115,0.2115662232738342,0.3555695047258852
95,0.3542070545470601,0.0075311748641681085,0.07134242489788452,0.21171303855473397,0.35520630713615325
96,0.35411156393071835,0.00752958553961837,0.0712380951274475,0.21156654906311892,0.355554206339097
97,0.3541170651781314,0.007529649666978496,0.07123920435421485,0.21158449013497832,0.35552959066569684
98,0.3562015185285506,0.007515787696362045,0.07098524792410782,0.210848072729058,0.3544493731219214
99,0.5675731228814891,0.006435920394804932,0.045530726288948165,0.13078855499433154,0.24967167544042673
100,0.35424157343189877,0.007528991838938984,0.07122511050310433,0.2115591040432011,0.3554452201828567
101,0.34746760273759636,0.007545616979167745,0.07113012209124611,0.21049875538740476,0.3633579028045852
102,0.3615731403561693,0.007497062467887227,0.07027839851897362,0.2141209630835279,0.346530435573442
103,0.35419686723030586,0.007528806343405864,0.07122225994825461,0.2115200044069853,0.3555320620710484
104,0.35395320063062824,0.007529307555490849,0.07123029894040511,0.21148959817151503,0.35579759470196104
105,0.3539773949968399,0.007529344493267717,0.07127337310436285,0.21153521000492617,0.3556846774006035
106,0.3539492648572063,0.007530474243722748,0.07123238963593989,0.21150243676873706,0.355785434494394
107,0.3541192936168157,0.007529781665935891,0.0712477269411076,0.211565493736908,0.35553770403923296
108,0.3554235026480709,0.0075248889026748285,0.07115810370856747,0.21178968020143835,0.35410382453924877
109,0.35416277628541815,0.007529259377729614,0.0712252645780346,0.21153761904638832,0.35554508071242935
110,0.35269364009832443,0.007548872923510098,0.07178298908102934,0.21380158540135566,0.3541729124957802
111,0.35412350392050657,0.007529581570348649,0.07123730261831548,0.2115714048859325,0.35553820700489686
112,0.35408854411614227,0.0075296625261323845,0.07123892304209165,0.21155695312726414,0.3555859171883695
113,0.354117322523294,0.007529815114343606,0.07124643936587775,0.21157057592180833,0.3555358470746764
114,0.35410067916930593,0.007529970382406111,0.0712558246716403,0.21157437442652485,0.35553915135012293
115,0.4915570443920557,0.005886852256385747,0.03333009148042291,0.15499132049204667,0.3142346913790885
116,0.3540844428193673,0.00752957891855876,0.07123765418697253,0.21155750013107777,0.3555908239440236
117,0.3542551019302417,0.007528166435531996,0.07120759978724939,0.21148968156421846,0.3555194502827588
118,0.35430152064226017,0.007528726445035292,0.07121283753936608,0.2116350196308515,0.355321895742487
119,0.35413919588949455,0.007529509297902199,0.07123606897651638,0.2115671801814729,0.35552804565461404
120,0.3528506087215503,0.007541203010923948,0.07142036287552693,0.21134021061146405,0.35684761478053484
121,0.3545309407796819,0.00752964402266953,0.0713428712090487,0.21124597628174094,0.3553505677068589
122,0.3530440413551054,0.007530533859262598,0.07128107809560294,0.21134387317764766,0.3568004735123814
123,0.3463304899911842,0.00788374560297256,0.07130927794286991,0.20863755916622873,0.3658389272967446
124,0.3533785454902656,0.007537945882973315,0.07139229546741714,0.21128514394000347,0.35640606921934054
125,0.3559165153336044,0.007516657677747049,0.07099969301012239,0.21079974246675934,0.35476739151176695
126,0.35404751460491485,0.007529373361176595,0.07123317783142533,0.2115352403509263,0.35565469385155724
127,0.35411820195033233,0.00752968251470381,0.07124123214332642,0.2115753218148931,0.3555355615767438
128,0.36019094114563227,0.0074975077770291195,0.07069812554205203,0.2098651117154871,0.3517483138197998
129,0.3534194423782267,0.007539449617965233,0.07136609672171725,0.2113344986107977,0.35634051267129285
130,0.3504834763741136,0.007545820436182124,0.071181706068346,0.2104922048136184,0.36029679230773975
131,0.3540796695401386,0.007529429125562715,0.07123489634999874,0.21154786262987685,0.35560814235442306
132,0.35370997921502156,0.007538026782773333,0.07130807346322263,0.21141261782939305,0.35603130270958905
133,0.3423874974517795,0.007518280233915299,0.0707774461364135,0.20872176586516125,0.37059501031273023
134,0.35417070542083967,0.007529306453806993,0.07123216613458985,0.2115609801130393,0.35550684187772413
135,0.35421700527902267,0.007529280667174567,0.07119054075186372,0.2120310202631771,0.35503215303876184
136,0.354094274935093,0.007529694117057916,0.07124383827289008,0.2115699583679624,0.35556223430699685
137,0.3541197317051859,0.007529638434175534,0.07123887890648802,0.2115746605414471,0.35553709041270365
138,0.35381914124577396,0.007530339823589615,0.07125614798781217,0.2114846595921506,0.3559097113506736
139,0.3541214826848657,0.0075296042337687115,0.07123683532082625,0.21158293008510762,0.35552914767543137
140,0.354103092849033,0.0075295599243396395,0.07123707916630079,0.21156269886299905,0.35556756919732774
141,0.3542575340773909,0.0075283010259355725,0.07121158337788702,0.21146787346212426,0.35553470805666243
142,0.3978245103774756,0.00729366930306406,0.06587241457664236,0.2062180210833533,0.3227913846594647
143,0.354123325217779,0.007529584733177967,0.07123754456585135,0.21157331591251985,0.3555362295706719
144,0.3541302450007422,0.007529551689440261,0.07123788233109549,0.21156943640889786,0.3555328845698242
145,0.35423273390154436,0.007529290838930512,0.07123040094951909,0.2115370470394583,0.35547052727054756
146,0.35401025035486594,0.0075294524147475695,0.07123743312068961,0.21153110874316453,0.3556917553665323
147,0.35412184846607475,0.007529624741351229,0.0712388219091498,0.21157360104994638,0.3555361038334778
148,0.3542373572841365,0.007529045642999238,0.07122899322164172,0.21154298899998186,0.35546161485124045
149,0.3790022352471004,0.007366393031462515,0.06724385690199584,0.21109324284012987,0.33529427197931144
150,0.3569079665347287,0.007513111353371564,0.07094131726559735,0.21070532543884976,0.35393227940745275
151,0.35225356598778923,0.007553607110309615,0.07161188386170611,0.21767218144258427,0.35090876159761086
152,0.3547663782727921,0.00752902833466764,0.07126551382778078,0.21297112306038019,0.3534679565043795
153,0.3542936387761639,0.00753229141606674,0.07119596626040055,0.2114750865706971,0.3555030169766718
154,0.3541761658294097,0.007520745234991286,0.0710537582663391,0.2111322525194114,0.3561170781498487
155,0.354421815583218,0.0075286646793122705,0.0712048826920612,0.21154203149447168,0.3553026055509369
156,0.35408140512164743,0.007528089122375571,0.0712088493838276,0.21142745697532575,0.3557541993968239
157,0.35408391957065216,0.007531157477662775,0.07130678345966258,0.21156330708498614,0.3555148324070364
158,0.36611256643736156,0.007372970968626567,0.06814585191431079,0.20261899718936283,0.3557496134903381
159,0.35387670579811686,0.007534881918991933,0.0712248329095497,0.21201316424508398,0.35535041512825793
160,0.35404002827227216,0.007529690710609811,0.07123000249459456,0.21152757980137557,0.3556726987211481
161,0.3541240819592242,0.007529564297580175,0.07123665767207236,0.21157335924669288,0.3555363368244304
162,0.35387577237450335,0.007528929060189547,0.07122646851785609,0.2114519876887768,0.3559168423586741
163,0.3529189858842396,0.007535071199003994,0.07122468800807637,0.21102886052498604,0.3572923943836939
164,0.3543041617738688,0.007526110769027786,0.07114696395975278,0.2114431167744334,0.3555796467229171
165,0.3541189049915322,0.0075296094538477,0.0712386766651213,0.21157041330492662,0.35554239558457257
166,0.35474385718022655,0.007525080690765935,0.07111360355025567,0.21116573964703397,0.35545171893171756
167,0.3541017167967822,0.007529459521047039,0.07123479487249994,0.21155707555516515,0.3555769532545055
168,0.35414598911400724,0.0075293670048865915,0.07123273263842306,0.21156148721139384,0.3555304240312893
169,0.3540082038014217,0.007529654292529521,0.07123932047887113,0.21153161653541408,0.35569120489176315
170,0.35339976742821183,0.0075305124356092185,0.0712714342392133,0.21131097442942048,0.35648731146754514
171,0.35425137668344403,0.007529139402315935,0.07124885626026482,0.21176936900532475,0.3552012586486504
172,0.35389496769286594,0.0075291560654290835,0.07122376934581895,0.21157492028316377,0.35577718661272234
173,0.35412811951347584,0.0075295822098865595,0.0712376702777946,0.21157321681836744,0.35553141118047515
174,0.35411409862588566,0.007529585896396529,0.0712380810285143,0.21156773858472444,0.35555049586447895
175,0.3539293632009456,0.007529457559330489,0.07123717000444597,0.21157385244704696,0.35573015678823094
176,0.3546419139616847,0.007527140829782131,0.07120770130135924,0.21145802196646787,0.3551652219407061
177,0.3541203461135273,0.007529655049310384,0.07123999869608448,0.21157313504860928,0.35553686509246885
178,0.34822812937212766,0.007614393727555399,0.07414975477615925,0.21486897762700854,0.35513874449714883
179,0.3541204403160635,0.007529588277300667,0.07123745142003288,0.21157173268360274,0.3555407873030002
180,0.3608251349805561,0.007466638509614262,0.0700753316012364,0.20757193279408473,0.35406096211450855
181,0.3547227786736159,0.007525336403203878,0.07115160844188279,0.2114151809790109,0.35518509550228633
182,0.36180667120414045,0.0074497680905218746,0.06967703275752904,0.20652158998154985,0.3545449379662587
183,0.35392494855110157,0.007531005967986314,0.07128778113005778,0.2115090031494719,0.3557472612013825
184,0.35435407352917164,0.007525329621518334,0.07112739367128597,0.21150961627078213,0.355483586907242
185,0.3541384470543611,0.007529509965845745,0.07123605134909126,0.2115756581013839,0.35552033352931794
186,0.35412219125878786,0.007529600820006938,0.07123750527200017,0.21157661562248883,0.3555340870267161
187,0.6858112260568633,0.007555161478514362,0.0698678815004455,0.10536285466330579,0.13140287630087105
188,0.3540781150729894,0.007528491270301751,0.0712130473532,0.21145230219663436,0.35572804410687414
189,0.35411822740058246,0.007529377613301612,0.07123051223608026,0.2115747318258276,0.35554715092420774
190,0.35411196312529186,0.007529005151963154,0.07122456946531618,0.21152566409916246,0.3556087981582662
191,0.35411409862588566,0.007529585896396529,0.0712380810285143,0.21156773858472444,0.35555049586447895
192,0.35413456647477076,0.007529557761084508,0.07123671547020188,0.21157807095973402,0.3555210893342089
193,0.37974977555556355,0.00741041684296941,0.06831525847593285,0.2089189265321123,0.3356056225934219
194,0.35288763562831144,0.00753186920887631,0.07132223125544089,0.21119905625588867,0.35705920765148286
195,0.3541329278459098,0.007529478691474561,0.07123543362884602,0.21156608440664193,0.3555360754271277
196,0.35343188980825596,0.007536271616842248,0.07134199438811856,0.21137889880128907,0.3563109453854941
197,0.3541621740147367,0.007529370709947412,0.07122972785310022,0.21157544750210597,0.3555032799201099
198,0.35387226048186365,0.007529418599210365,0.07123378742313942,0.21149037851325417,0.35587415498253255
199,0.35411622635932755,0.007529662418429583,0.07123785577649577,0.21159544106701436,0.35552081437873284
200,0.3540706803078201,0.007529583764424577,0.07123992159375687,0.21154481806412023,0.35561499626987825
201,0.34023424482814796,0.007717259801907959,0.07736958922257513,0.20704617923525553,0.3676327269121137
202,0.35420544997633757,0.007526631197712563,0.07120502134441668,0.21143199658619707,0.35563090089533633
203,0.3496152099744109,0.00752155582654231,0.07102570984557643,0.2098466884617315,0.361990835891739
204,0.35424177286050323,0.007528996547190365,0.07122568942584614,0.21156008011948493,0.355443461046975
205,0.3554191277770763,0.007518847512966465,0.0709205722893047,0.21201112395056476,0.35413032847008785
206,0.354600149329984,0.007528570022183449,0.07118325128494349,0.21233740002085816,0.35435062934203115
207,0.3540039799614478,0.007530351928539434,0.07126754867786295,0.21151748764895373,0.35568063178319614
208,0.35460911139114415,0.0075258364285846,0.07118943407955376,0.21143318140995304,0.35524243669076433
209,0.3540316363887731,0.0075314379322860255,0.07132013527177941,0.21153910160882303,0.3555776887983384
210,0.3541106566163095,0.007529356562440426,0.07123274677897036,0.21154973682126996,0.35557750322100934
211,0.3792507871027482,0.007361109145949921,0.06770623221264872,0.20498857264004486,0.3406932988986082
212,0.35411702628592184,0.007529679180166877,0.07124122824665209,0.21157235128967158,0.35553971499758746
213,0.3542321036430219,0.007528952588244918,0.07122690583338591,0.21153639441315678,0.35547564352219047
214,0.3540932780547986,0.007529478301373608,0.0712343765822304,0.21155631217644497,0.3555865548851525
215,0.3741426569480857,0.007377939251805366,0.0678911672408465,0.2061847907157615,0.3444034458435009
216,0.35411826192018897,0.007529637734518903,0.07123945831566772,0.21158029685494714,0.3555323451746772
217,0.3533968208032036,0.007531138930222726,0.07128902246137321,0.21130116857162762,0.35648184923357273
218,0.36011228363686143,0.007500286642336257,0.07071709708112066,0.2102526642209583,0.35141766841872324
219,0.3540134239359386,0.007530102045921813,0.07124839152245732,0.21152730787222254,0.3556807746234595
220,0.35411200351563416,0.007529926656789515,0.07124626660810512,0.21161519949788984,0.3554966037215815
221,0.3539887901416269,0.007535161664743309,0.07146438448430459,0.2123167051627298,0.3546949585465952
222,0.35590976516154665,0.007518945344821544,0.07103596699460803,0.21101331789362776,0.3545220046053962
223,0.38141436017622254,0.0073799856717998505,0.06821290845621415,0.20507550512302963,0.33791724057273403
224,0.3540934504324874,0.0075295112276120785,0.07123582109129552,0.2115484159489271,0.3555928012996779
225,0.3541179242333009,0.007529617586122069,0.07123687959376974,0.2115844747970471,0.3555311037897603
226,0.35413654645437176,0.007529513125880493,0.07123567196907163,0.21157218299383707,0.3555260854568392
227,0.3806495320553254,0.007346861897901194,0.06718199081113509,0.20450150580412543,0.3403201094315128
228,0.3521020532316391,0.007531297132101964,0.07112718388280988,0.21073915983083236,0.35850030592261667
229,0.3537589043112041,0.007529925599258655,0.07127451286728738,0.2113794493500423,0.3560572078722079
230,0.36351175891135035,0.007474012179926775,0.0697090199737198,0.21306167474201304,0.34624353419299037
231,0.3530338402159442,0.007536981859086593,0.07125839074759356,0.21134577507787136,0.3568250120995043
232,0.3542375547927176,0.007528873252702894,0.0712246505361409,0.2115259694212247,0.3554829519972136
233,0.37101203948370026,0.007409674851466259,0.0689450164764404,0.2046989274494003,0.34793434173899285
234,0.35459933777660185,0.0075251573852528775,0.07114038127914167,0.21155715183482773,0.3551779717241761
235,0.35412161014740556,0.007529599589022646,0.07123782498115805,0.21157260438787512,0.35553836089453866
236,0.3530179789320177,0.0075298677860131166,0.07126188290443727,0.21116622558356465,0.35702404479396715
237,0.3541368147074843,0.007529421437392938,0.07123255172079049,0.21158089658727808,0.3555203155470543
238,0.36286687818241625,0.007486544339761826,0.07042774462312347,0.20968872419242426,0.3495301086622742
239,0.3541144432555099,0.007529484786397477,0.07123603854267026,0.21156502902200292,0.3555550043934195
240,0.35316332204099316,0.0075276912431969135,0.07119177487863382,0.21115203907542016,0.35696517276175604
241,0.35372119929927415,0.007537364988155101,0.07125372074679885,0.21140476044979073,0.3560829545159809
242,0.3542117801350494,0.007529326474786324,0.07124202445066863,0.2115504514285819,0.35546641751091373
243,0.3538918009513077,0.007529411913855632,0.07123194247642947,0.2114832825118941,0.35586356214651327
244,0.3566560963734359,0.0074860140296987825,0.07050513910214178,0.20869091663086525,0.3566618338638584
245,0.3540756895889784,0.007529837769175215,0.07124618070609273,0.2115544049255881,0.35559388701016553
246,0.35412143355897435,0.007529767608364746,0.07123945250082041,0.21157239618022522,0.3555369501516149
247,0.35232226770648684,0.007529877877601557,0.07129561206325506,0.2109205635435002,0.35793167880915605
248,0.35411270369963116,0.007526171893538394,0.07115857668054411,0.21161099186121854,0.35559155586506774
249,0.35401388269477413,0.007529462712413481,0.07123577111135905,0.21153621934003655,0.3556846641414173
250,0.33585571214758186,0.0075120377683709095,0.07051542165782394,0.20493446452340644,0.38118236390281696
251,0.3699350317175122,0.007435250273927516,0.06950427707162066,0.20635326617817937,0.3467721747587602
252,0.354214839143223,0.007529247717042727,0.07123749334364378,0.21154135509739502,0.3554770646986955
253,0.3552516730043508,0.007521926943917571,0.07108268614554392,0.21126080579300135,0.35488290811318646
254,0.3540816808689507,0.00753112263685179,0.07130520232982146,0.21155938508087202,0.3555226090835039
255,0.3677200115382739,0.007457511433766654,0.06976025358586138,0.20919313298354072,0.3458690904585574
256,0.3541031091397178,0.007529831103172949,0.07124423347024869,0.21156819436487964,0.35555463192198133
257,0.35412597607110274,0.007529577580663512,0.07123719582995292,0.21157297545294318,0.3555342750653378
258,0.3545049580565206,0.007526960374621195,0.07113548848891398,0.21187414778210348,0.3549584452978405
259,0.3541166697389571,0.007529804955216183,0.07124685781893199,0.21157092092897314,0.35553574655792164
260,0.353628022706492,0.007528686219558479,0.0712469086338847,0.21122896117027543,0.3563674212697896
261,0.3535885506240798,0.007532266042784637,0.07135166770902655,0.2113326854567075,0.35619483016740133
262,0.35411533836376935,0.007529541278692185,0.07123621035341211,0.2115703396614486,0.355548570342678
263,0.3541344349967256,0.007529806454850464,0.07123675745380349,0.21153219532250456,0.35556680577211613
264,0.3541071122540744,0.0075295678661366555,0.07123685366738895,0.21156829512307979,0.3555581710893204
265,0.3541251918243989,0.007529691862959894,0.07123640554170166,0.21157581691714034,0.35553289385379944
266,0.35408192727868887,0.00753112658659315,0.07130444028620654,0.2115669363419016,0.35551556950660934
267,0.3576086376129991,0.007509333795879503,0.07088109387697278,0.21054004329641277,0.3534608914177359
268,0.41203678373439534,0.0072107963008406,0.0640352843828318,0.2007466291290264,0.3159705064529059
269,0.35293354905185026,0.007532273158699144,0.07128076105202376,0.21193276288119856,0.356320653856228
270,0.34886748108053084,0.0075271065419112325,0.07099171497383754,0.2095870002739494,0.3630266971297711
271,0.36193695142807436,0.007493118721289784,0.07047739326705273,0.2103934070217542,0.34969912956182925
272,0.35395558329210114,0.007529240220881439,0.0712289894169297,0.21151606905839374,0.35577011801169406
273,0.35595999658342453,0.007518679543339336,0.07102561943737905,0.2111382735653895,0.35435743087046745
274,0.3541116282272432,0.007529588539718166,0.07123815288583438,0.2115661121038814,0.35555451824332324
275,0.3518146180170295,0.0076199625404112445,0.07507808208409228,0.21092497592381404,0.3545623614346533
276,0.3544545249631718,0.0075250864698232335,0.07108672390777362,0.21191526698869392,0.3550183976705375
277,0.35712690368979316,0.007500636016068199,0.07074085602128877,0.20925551540363524,0.35537608886921457
278,0.3539769537651196,0.00752865276414655,0.07121516546634737,0.21147549329059448,0.3558037347137917
279,0.3540992488211121,0.007529880266135809,0.07127844621066927,0.21165947192183965,0.3554329527802432
280,0.37458385432266617,0.0073916553279645,0.06820305272283493,0.2077283130818586,0.3420931245446759
281,0.3541183214690629,0.007529634729104848,0.07123978282486138,0.21157216915075047,0.35554009182622026
282,0.35411874847471514,0.007529612771156285,0.07123676203294792,0.21158569727197377,0.35552917944920703
283,0.3588657541769585,0.007501231925153701,0.07068426592345954,0.21038661817123525,0.3525621298031934
284,0.35395106693242606,0.007529627750445301,0.07123820054794673,0.21151237328190345,0.3557687314872785
285,0.35412167730034316,0.00752958683138049,0.07123739061784205,0.21157302903092048,0.35553831621951376
286,0.3540962624212456,0.007529508663254439,0.07123631821656745,0.21155602173251695,0.3555818889664156
287,0.3484465761605161,0.007529378131220172,0.07116638154902798,0.20965259476182954,0.3632050693974063
288,0.35718168030603137,0.007510320988245547,0.07088638771364768,0.2106355527097832,0.3537860582822924
289,0.35412668930616475,0.007529504712674763,0.07123590648343946,0.21156306906936584,0.3555448304283554
290,0.35410435526660267,0.007529594317664098,0.07123766890454708,0.211565402104435,0.3555629794067513
291,0.353198910277568,0.007529853859438861,0.07125772463189568,0.21123361555032824,0.35677989568076895
292,0.3543453352373886,0.0075263181235282525,0.07117067125795436,0.21143809723869056,0.3555195781424383
293,0.354179740180435,0.007529035410643231,0.07122737455577713,0.21151312501878702,0.35555072483435773
294,0.35479506409701383,0.007532539367435102,0.0713809628624815,0.21236826620485266,0.35392316746821706
295,0.3541216686550087,0.007529607478828153,0.0712377069363459,0.2115707052930414,0.3555403116367758
296,0.3582517332985894,0.007504868458233077,0.07065710608864277,0.21182300525687134,0.35176328689766345
297,0.35330990400995127,0.007528069380281367,0.07119996563978678,0.21129332604741982,0.35666873492256024
298,0.35475417963469785,0.007525810772534741,0.07116431710141194,0.21143958557376683,0.3551161069175892
299,0.3541627016345566,0.007529350208864393,0.07123276038265947,0.21157529684391263,0.35549989093000695
300,0.35393360331880647,0.007529266340136156,0.07123075042416332,0.21150808374845348,0.3557982961684407
301,0.3539943039418473,0.007529570051776718,0.07123955237806426,0.21152728449768252,0.3557092891306294
302,0.35032868661738936,0.007513452699635411,0.07086109749254962,0.21004318258802465,0.36125358060240054
303,0.34879254890435407,0.00752156278986439,0.07103248357611008,0.2095186752310054,0.36313472949866615
304,0.35407645093317625,0.00753055378052716,0.07129810230509187,0.2115087064990255,0.3555861864821794
305,0.3605967712642643,0.0074974406870781,0.07064699547365726,0.21016147856141432,0.35109731401358596
306,0.3541235241029125,0.007529585208149519,0.07123742615493839,0.21157082102556105,0.35553864350843883
307,0.3534368255951528,0.007539319279871981,0.07139327631887196,0.21144721746485207,0.35618336134125095
308,0.35158148090817143,0.00754470377738042,0.07113405453813222,0.2172740096337603,0.35246575114255596
309,0.35414524867967073,0.0075299343696254226,0.07128990511711272,0.21138993458963998,0.3556449772439515
310,0.35615188714284673,0.007518333345931234,0.07102301371830264,0.21114002367763274,0.3541667421152867
311,0.354105463376806,0.0075296116431595485,0.0712391566956091,0.21156714887004366,0.35555861941438177
312,0.3541846036403862,0.007525896361575518,0.07115414290717287,0.21131429557985254,0.3558210615110129
313,0.3744848651199504,0.007347626488415568,0.06709555118602671,0.2052272093252687,0.345844747880339
314,0.35421155899967005,0.0075293807605844535,0.07122717655330087,0.21166398563477654,0.35536789805166835
315,0.3531204410805182,0.0075283578819163735,0.07117877367760472,0.2114538220603546,0.3567186052996062
316,0.3541211715716864,0.007529583685459513,0.07123718303243984,0.21157234643784228,0.3555397152725717
317,0.35412331749122783,0.007529585264233323,0.07123741043193257,0.21157153177209614,0.35553815504050973
318,0.35344875595517244,0.007529384955595046,0.07123820323820428,0.21144710600407646,0.3563365498469515
319,0.36266544193267,0.007473538572295117,0.0701589393275333,0.2091399412441732,0.35056213892332855
320,0.35413557860040024,0.007528957724213751,0.07122668585969456,0.21151397857242865,0.35559479924326287
321,0.3537332090049259,0.007529650972081969,0.071222776962813,0.2116729263947278,0.35584143666545104
322,0.3528852140695285,0.007531826080546307,0.07135877870078242,0.21126396150452292,0.35696021964461994
323,0.35348002782195753,0.007536366049488779,0.07135983878797755,0.2112174159412569,0.3564063513993191
324,0.3532536712634731,0.007531361543151133,0.07121390003348772,0.2113394753528241,0.3566615918070639
325,0.3547473011887058,0.007507535016385099,0.07043614912509238,0.21121996284695677,0.35608905182286
326,0.3540732879513333,0.0075253808465592,0.07117459771772656,0.21117249275676314,0.35605424072761815
327,0.3540936022175468,0.007529444162561379,0.07123417331456797,0.211543653864747,0.3555991264405768
328,0.35411203931038604,0.007529653248466107,0.07123910136938184,0.21158521384144052,0.35553399223032506
329,0.3537841606482131,0.007535192886776146,0.07130054207169415,0.21142881047317608,0.35595129392014063
330,0.3588431414748503,0.007511896131297454,0.0710723692297013,0.21064950674769678,0.3519230864164539
331,0.3541207215918919,0.007529601917463545,0.07123778634407538,0.211572200528404,0.355539689618165
332,0.388502425497823,0.007334292959334239,0.06859447608401897,0.19982172292335817,0.3357470825354657
333,0.34619169315377535,0.007603035554967002,0.07458937658601786,0.20883058617175151,0.36278530853348834
334,0.3530419010673773,0.007930160049386193,0.07118868862303677,0.21098826671662638,0.35685098354357364
335,0.366114759669577,0.007469416457078469,0.07014771595944345,0.20864365511076707,0.34762445280313414
336,0.3487603307277078,0.007619715446840287,0.07488744358600019,0.20980304758750715,0.3589294626519451
337,0.3539199256033275,0.0075288144464967744,0.07120478536355324,0.21168805683070313,0.3556584177559192
338,0.3541254180848211,0.007529505661049625,0.07123726958462356,0.21155696403899274,0.3555508426305126
339,0.3605017084111375,0.007492203959663418,0.07057078099559876,0.20975591183329892,0.35167939480030164
340,0.35414233028366393,0.00753128309011026,0.07133673001326338,0.2114842765694164,0.35550538004354576
341,0.35306485680238286,0.007614319779404645,0.07470657478288562,0.2129357221479744,0.3516785264873524
342,0.35147400029422193,0.007607508784096704,0.0745796887563743,0.2107187696410873,0.35562003252422
343,0.35418150188022224,0.007528431109096661,0.07120266035912763,0.21164033182055925,0.35544707483099414
344,0.3538040236396636,0.007529042246645763,0.07122621257057296,0.21145597756235152,0.3559847439807659
345,0.3540575977687994,0.007529669411923314,0.0712385240239466,0.21156630991320316,0.355607898882127
346,0.35411353645820415,0.0075295065905372,0.07123565003563893,0.2115643587592134,0.35555694815640604
347,0.35412360353039896,0.0075295878101484665,0.07123759429760546,0.2115706288559978,0.3555385855058493
348,0.3564045550818498,0.007493219881323238,0.07027786851619282,0.2085237737534027,0.35730058276723126
349,0.35412151855398005,0.007529583861897945,0.07123747825132483,0.21156988307427174,0.3555415362585256
350,0.35415379955635257,0.007529441963189067,0.07123334326371097,0.21159789561288678,0.3554855196038605
351,0.3542475647940602,0.007529187768777083,0.07121919681517057,0.21154522288662783,0.35545882773536447
352,0.342112822181822,0.007526433431714166,0.0707758153673216,0.20805070463553751,0.3715342243836046
353,0.35412221866289134,0.007529607275276291,0.07123814221250624,0.21157301135901288,0.3555370204903134
354,0.35453835777969644,0.007525161295024583,0.071145205080657,0.21129125283332034,0.3555000230113015
355,0.35407707436887004,0.00752962434370808,0.07123945067544965,0.21155567722295726,0.35559817338901517
356,0.3660521052350425,0.007471733612856652,0.07016522010252976,0.2088572992124554,0.34745364183711613
357,0.3477623138052111,0.007525596911672404,0.07110845766928822,0.20908608301003972,0.3645175486037883
358,0.35360128024180626,0.007532148597247016,0.07134673932406187,0.21131807276110784,0.356201759075777
359,0.7015028969698728,0.007664019066815978,0.07326952569481751,0.09687880181355912,0.12068475645493432
360,0.3540877095493149,0.007531974229068748,0.0713564310400329,0.2114865853573905,0.35553729982419296
361,0.35509936701141537,0.007524779869921357,0.07102664318259694,0.21289292920837843,0.3534562807276883
362,0.35622627627989994,0.007515291916542324,0.07090899242993182,0.21086132510870295,0.35448811426492305
363,0.3541258617203144,0.007529581542178774,0.07123761867331388,0.2115717626377594,0.3555351754264337
364,0.3538358537017348,0.0075296255736845815,0.07124044855387521,0.21145699615496552,0.35593707601573954
365,0.3548932470477487,0.007531582551006553,0.07115268216473278,0.21132112052820265,0.35510136770830925
366,0.3538200099702635,0.007532501973582905,0.07131636988388984,0.2118926857192821,0.35543843245298157
367,0.3541239176993059,0.007529493454222252,0.07123448547309176,0.21157281453089655,0.35553928884248337
368,0.35334658755105763,0.007542591774018971,0.07159804651695853,0.21300328061069426,0.3545094935472708
369,0.3552194682622432,0.007523219128373312,0.07103598443824105,0.21215535637020339,0.3540659718009393
370,0.35417188843751324,0.007529203675105574,0.07122932856523113,0.21156339506849756,0.3555061842536524
371,0.3542605407155948,0.007529089179117721,0.0712236023553251,0.21153450969790907,0.35545225805205316
372,0.35397454346854207,0.00752932588073118,0.07123048615537633,0.21152450118718336,0.35574114330816686
373,0.35403037870327164,0.007529084219908898,0.07122262446184636,0.21149337023516435,0.355724542379809
374,0.3541209752643403,0.007529591870876137,0.07123762430024477,0.21157146200750535,0.3555403465570336
375,0.35322297175549255,0.007530043115332599,0.07125423198252102,0.21125064903973123,0.35674210410692275
376,0.35411773339399766,0.0075296662352476035,0.07124053562281224,0.21157532331108958,0.3555367414368533
377,0.35291684976007853,0.007544638043739345,0.07130576825437036,0.21113975438932941,0.3570929895524825
378,0.3542377121357299,0.007528884006337735,0.07122304182854805,0.2115329653492058,0.3554773966801783
379,0.3541665326122225,0.0075293741177336285,0.07123122740322742,0.211558145749507,0.35551472011730956
380,0.6935995783896497,0.0061751486013115146,0.038726909860210275,0.1271331481829974,0.13436521496583137
381,0.285013879491785,0.007514824237250402,0.06785008270780513,0.185612949250063,0.45400826431309665
382,0.5137698463592417,0.00684052022635301,0.05541940026530555,0.17245126498260102,0.2515189681664987
383,0.35706519083359856,0.007483895398571829,0.07037494554109505,0.2089129209962967,0.35616304723043807
384,0.3523352268674636,0.007485388498234873,0.07068594344679596,0.21697132844201267,0.35252211274549317
385,0.3541250441888819,0.007529576220605409,0.0712371291636969,0.21157245849506245,0.35553579193175316
386,0.35412407525615236,0.007529576594827851,0.07123736128852566,0.21157015117968772,0.3555388356808064
387,0.3544105131080987,0.007527687484428348,0.07120107353943454,0.2114851418405509,0.35537558402748753
